3.334699139336233510e-06 2.510660395702021291e-06 1.998054588087700515e-06 1.620444552720195711e-06 1.341187606198354264e-06 1.109539400101006894e-06 9.278461805547726463e-07 7.923688345271894414e-07 6.675637876874534252e-07 5.654456488692357058e-07 4.767328634129336612e-07 4.124677271860715395e-07 3.554114587937018726e-07 3.079779688382298626e-07 2.599765308660974767e-07 2.199024265868513087e-07 1.927900437119747796e-07 1.721462947903224961e-07 1.468273709524693989e-07 1.251653428599293871e-07 9.330086610548097299e-08 6.606111489375332753e-08 4.177438734411808173e-08 2.093141140704343902e-08 9.927337589832713111e-07 6.698581560658455607e-07 4.750808493379269697e-07 3.624365333753224478e-07 2.815467075434446350e-07 2.231247522871641355e-07 1.828498582742032665e-07 1.489730082206217708e-07 1.241711837170738562e-07 1.001967648702625724e-07 7.825647703190241659e-08 5.746074908999741299e-08 4.426497429718937567e-08 4.050126057217078564e-08 3.572476408060966538e-08 2.062112796570304132e-08 1.354488720760438416e-08 4.514970790318362974e-09 5.753292682811552614e-10 -1.651066317718157669e-09 -6.464405346355229822e-09 -9.207746272054524222e-09 -9.023430801723783991e-09 -8.481514432915535063e-09 8.392408458386754693e-07 5.373222115095992905e-07 3.815995530571156390e-07 2.849716107733684047e-07 2.210067102887227955e-07 1.728068604955080953e-07 1.345864931169052374e-07 1.031695490247225179e-07 8.689956089102655074e-08 7.325690393693643960e-08 5.356585063315068584e-08 4.843062224494820771e-08 4.501938221933808021e-08 3.844151013354480632e-08 3.028951326129617343e-08 2.178014932337761313e-08 1.246710649298224031e-08 6.446569389551731773e-09 5.096628167076382572e-09 1.246446147510326300e-08 1.191118274559435775e-08 1.542708168372626800e-08 1.483250895945302601e-08 1.087771131440803422e-08 6.320278955260797918e-07 3.630697982957469432e-07 2.399494244828549462e-07 1.662196738230248775e-07 1.092807138105170546e-07 7.794446345952275733e-08 5.657014042966583484e-08 3.715040981380457247e-08 2.821476080631061520e-08 1.822966456317488601e-08 1.527321498933514669e-08 1.753179810022211909e-08 1.395385601222099054e-08 6.640900355193686119e-09 3.561506660872009716e-09 7.099447296738975154e-09 7.363582333187040211e-09 8.040108947106509331e-09 4.976373710114978968e-09 3.827768418159319547e-09 4.454642585914477606e-09 1.122214235368770497e-09 -2.500189129547331075e-09 -1.574610219443100603e-09 7.703229551548706611e-07 4.467106341450872459e-07 2.962834081224537842e-07 2.123879806583001258e-07 1.481048788441276731e-07 1.061213928717691088e-07 7.781221284093291736e-08 6.144172619994883783e-08 4.114319019389055415e-08 3.112629210690059782e-08 2.811642388867533781e-08 1.394026047049938737e-08 3.095364744493789756e-09 -1.163410300288941622e-08 -3.677810129583915020e-09 -1.688503258396935921e-09 1.101676429036594284e-08 4.920157052346060393e-09 6.922858534898367633e-09 1.043251516927655411e-08 -6.802504735391142001e-10 -9.955122794425640514e-10 -6.629891899180941402e-09 -1.373955260195020462e-08 9.046771628256941231e-07 5.536330679719604304e-07 3.770442062836230572e-07 2.691808431795379701e-07 1.856623958340366977e-07 1.216473989257410670e-07 1.023713264476744376e-07 7.623429563937304394e-08 6.209649206253926183e-08 4.540467474377729229e-08 4.487991752037926269e-08 3.250814901293817036e-08 2.314095049815484890e-08 1.741241978605754204e-08 1.168476266099450885e-08 9.727275753837047078e-09 1.713365052510934132e-08 2.498366328347379903e-08 2.044483445333324647e-08 2.348756567318069075e-08 1.606934519922514751e-08 1.296334573263946604e-08 7.154692609991685467e-10 1.237156673643575987e-08
2.510660395702021291e-06 2.099846037991365903e-06 1.741153308410256364e-06 1.448145649734240822e-06 1.225348290889908896e-06 1.031162883085234496e-06 8.744134916899903560e-07 7.540605001899513514e-07 6.443785216361387225e-07 5.540900805631251119e-07 4.705307124831914344e-07 4.082759624548069993e-07 3.551591592017182810e-07 3.077851016915911736e-07 2.626677651646104783e-07 2.209041265260833866e-07 1.920585227414404429e-07 1.705738072800089660e-07 1.440312469248461518e-07 1.217219572216037896e-07 9.386415752328365346e-08 6.966088665020868309e-08 4.798302496382373067e-08 2.909541915229323309e-08 6.479161357050550347e-07 4.558030774419271417e-07 3.320834708180310494e-07 2.617940391130052106e-07 2.085866476978491142e-07 1.683018192975505238e-07 1.423082481630769033e-07 1.184608540813361841e-07 9.819451774299871463e-08 7.851434492553713999e-08 6.030713562451848917e-08 4.235580412462472114e-08 3.051553583784566470e-08 2.716030788620799766e-08 2.238451953630460864e-08 1.095199836883249681e-08 5.278217206741548395e-09 -1.423053038798880252e-09 -4.008861776570593365e-09 -5.921064109171756595e-09 -1.082143643674255538e-08 -1.343703300602951676e-08 -1.368788357721921680e-08 -1.222675523691033479e-08 5.327036530820684022e-07 3.516128016876944622e-07 2.573612315547180539e-07 1.976686623959927066e-07 1.563207563925589305e-07 1.230145233471624457e-07 9.789349074990679521e-08 7.638059486188733472e-08 6.436788012156140323e-08 5.425443906132754941e-08 3.839277532197541741e-08 3.220263522156617692e-08 2.871920435864801654e-08 2.371839025000983404e-08 1.761014195443267060e-08 1.205386038644414603e-08 6.476914957854417455e-09 2.363240049601978282e-09 1.246351598766511203e-09 6.407335934855918072e-09 5.613049985440398407e-09 8.437785491245145511e-09 9.073636457144975835e-09 6.047318852535143353e-09 4.030190744444996446e-07 2.389788146380813266e-07 1.664450348876227364e-07 1.189548324594699995e-07 8.164121720385548822e-08 5.848044464883638371e-08 4.495003646952220828e-08 3.024267861001373766e-08 2.277452584048523161e-08 1.387215173092504432e-08 1.211225841313227558e-08 1.326885832783358940e-08 1.063869607038839909e-08 5.780673977233499820e-09 4.824691941015541810e-09 6.677702079526967636e-09 6.388161636452317746e-09 6.526430319387446649e-09 2.941104477016017293e-09 1.347527392280930639e-09 1.964109470073822633e-09 -9.076646207129821778e-10 -4.141802389430111440e-09 -3.076005735225787773e-09 5.043393878225882396e-07 3.021916525878827855e-07 2.091469961853227343e-07 1.530217061012797007e-07 1.097893896500469249e-07 8.043642176199057295e-08 6.292415060155115543e-08 5.244984629166804011e-08 3.456216209110804907e-08 2.566209858595446999e-08 2.535327486692613816e-08 1.309169614364553960e-08 4.655740921554751574e-09 -5.824096269467532579e-09 8.376715882155814914e-11 5.345600205533994934e-10 9.706165338367165445e-09 3.267375498187086609e-09 2.390209959831258038e-09 6.131223477929997931e-09 -3.175197447409415046e-09 -4.881663055074813871e-09 -1.017460455551114605e-08 -1.384718200065464559e-08 6.261005823990194553e-07 4.022462234807954909e-07 2.855455033660139530e-07 2.116518576801965261e-07 1.522251420737353171e-07 1.019545460758235799e-07 8.393112188849477440e-08 6.879476498102117743e-08 5.428569604041228227e-08 4.068755424220634841e-08 4.250172813665853381e-08 3.145248292061058081e-08 2.524736778634312150e-08 2.002283541343914105e-08 1.474324181550130451e-08 6.489755655324245199e-09 1.031804849881742195e-08 1.857691487189256411e-08 1.184025054151316507e-08 1.190248918441469641e-08 5.946075274544399205e-09 3.420306192640221482e-09 -6.927221425660727503e-09 9.468704280042200921e-10
1.998054588087700515e-06 1.741153308410256364e-06 1.581416424077297984e-06 1.357670793704191612e-06 1.170122030220635252e-06 1.000322928197464272e-06 8.604055457652117342e-07 7.483186795186648417e-07 6.452120407619956373e-07 5.600068812937066743e-07 4.796979857348483405e-07 4.182362862098051829e-07 3.671243700263230224e-07 3.196622360176385113e-07 2.739855853891515057e-07 2.294330551427509670e-07 1.971437262525417817e-07 1.728677264658990594e-07 1.437812251246028126e-07 1.222556400972079337e-07 9.824498013179234196e-08 7.618177810487395720e-08 5.438555450636508866e-08 3.495151943556424983e-08 4.640163453156335646e-07 3.390392709604489080e-07 2.575908149281196301e-07 2.099711978507442167e-07 1.724245485165731133e-07 1.427295930767968915e-07 1.235544078366216052e-07 1.040319610136302479e-07 8.569980831227701122e-08 6.755606962281056608e-08 5.165991375314028746e-08 3.568392108793733442e-08 2.523140692024735489e-08 2.246488051606915430e-08 1.829840868425498006e-08 9.480004488013239020e-09 4.586648946917775890e-09 -1.137603916445054594e-09 -3.257104856927544311e-09 -5.125296917928160309e-09 -9.905610433433440331e-09 -1.313441989403503371e-08 -1.477363028143341507e-08 -1.306039803732388177e-08 3.765846705897994712e-07 2.575639599201150554e-07 1.962662937332427490e-07 1.536961964417848550e-07 1.246831704767713277e-07 1.008356449618070195e-07 8.477152213839635541e-08 6.742328936749361898e-08 5.763100368703249258e-08 4.939421832757532359e-08 3.560628673857069585e-08 2.838126802761320515e-08 2.478607631464320837e-08 2.042151248502106698e-08 1.519884212139314084e-08 1.009789375090418670e-08 5.767780442762947448e-09 2.043937298582034424e-09 1.081199847859880582e-09 5.018645392439012939e-09 4.059736107657107410e-09 6.095526866119255538e-09 7.428199245234812069e-09 4.257007970615601274e-09 2.941816427217247246e-07 1.814668680355293435e-07 1.332887452438341285e-07 9.618417616797235032e-08 6.877514125631723950e-08 5.003772972552471846e-08 4.179970370468897282e-08 2.959144530292409149e-08 2.284552069920755697e-08 1.393973006309156113e-08 1.156118641112248554e-08 1.281155965333219975e-08 1.075712488788947538e-08 7.009622646459107031e-09 6.074828416682375632e-09 6.477574408276554301e-09 5.342044227616329671e-09 5.957550225091987072e-09 4.560379785182608079e-09 3.543378232962246264e-09 2.858761193933277611e-09 3.163140047667862711e-11 -2.578630909174174658e-09 -2.088810305687195143e-09 3.571950021439269622e-07 2.187867203896556457e-07 1.598313219357766388e-07 1.227641040061363104e-07 9.012308226759221223e-08 6.822770958691815247e-08 5.623295102052706157e-08 4.968807762900161358e-08 3.395833047888886834e-08 2.642212062875604926e-08 2.712388437660898475e-08 1.597626354552073829e-08 9.087499353396691557e-09 2.515692911180339132e-09 6.574855037893958880e-09 5.161996466027372001e-09 1.192771335665221936e-08 4.313890946826795141e-09 1.918077259539464147e-09 4.931580657915340338e-09 -2.067026406912851503e-09 -3.869605171090021833e-09 -6.939566734290381489e-09 -9.783075647232312348e-09 4.723659956496305601e-07 3.191879109233787567e-07 2.371985561749872489e-07 1.818111759931560159e-07 1.383944279797691532e-07 9.684847669092583480e-08 8.515281859654888997e-08 7.330728397699289815e-08 5.843623487682169619e-08 4.927595847893577853e-08 5.224902076803906484e-08 4.116329003656969048e-08 3.582506883101284770e-08 3.019345750952148713e-08 2.537328594077775603e-08 1.498525549332882664e-08 1.450666529837868595e-08 2.057639467642109439e-08 1.131280976198033791e-08 8.974952800169721718e-09 1.288596780313393716e-09 -1.370622494511033706e-09 -8.677447097673568548e-09 -2.169782695209287488e-09
1.620444552720195711e-06 1.448145649734240822e-06 1.357670793704191612e-06 1.261601047116219069e-06 1.117398115828742255e-06 9.688297157638232354e-07 8.402703668296964033e-07 7.384183646056904026e-07 6.397166823786381747e-07 5.562332648264189513e-07 4.785933468094097163e-07 4.165390925925317187e-07 3.648727293699715081e-07 3.164255294171055619e-07 2.691348716772310741e-07 2.264859939800232693e-07 1.929397611699056101e-07 1.680589973437245393e-07 1.386709258001687358e-07 1.187759684320968717e-07 9.723871471499141258e-08 7.650870565784860401e-08 5.584497987176505005e-08 3.725671156794778499e-08 3.566920501616340279e-07 2.653076432198847878e-07 2.108918218622982471e-07 1.812014918511334504e-07 1.549037218257673536e-07 1.314159602913101195e-07 1.143842162853005256e-07 9.566817223536664184e-08 7.919438912009735642e-08 6.195712167065087510e-08 4.720791828555418432e-08 3.290780901301092363e-08 2.375704201769172478e-08 2.025617166309499254e-08 1.601731247297256082e-08 8.994900142409745282e-09 5.806465818262677626e-09 1.427609879770130931e-09 2.125460764541608677e-10 -1.620602956775803952e-09 -6.140741744845298874e-09 -9.678586034854436882e-09 -1.238759511337411898e-08 -1.155971274950034903e-08 2.910626538716795437e-07 2.092120983885282085e-07 1.674726941446173053e-07 1.353351510897678162e-07 1.135201038619789526e-07 9.458765825207964201e-08 8.233404454564913726e-08 6.711084247927439647e-08 5.707068817322538632e-08 4.952899510481266561e-08 3.699232547116421998e-08 2.933369508117278055e-08 2.496809793248764635e-08 2.082882137604723843e-08 1.521646635360047997e-08 9.766480678636219979e-09 6.150152807363268545e-09 3.329911543823622908e-09 2.787110607186046465e-09 4.865893411414058771e-09 3.234116876232101478e-09 4.584401207940275010e-09 5.056286821734254485e-09 2.046597526798443661e-09 2.333804178270824294e-07 1.522214789097982314e-07 1.176012409398613848e-07 8.749504019240630318e-08 6.582336557798552496e-08 4.873241157113992128e-08 4.312845484076600187e-08 3.313478651106910433e-08 2.583655654528726264e-08 1.663505399958965265e-08 1.371789805294046883e-08 1.484431839432425492e-08 1.314477714202845268e-08 9.490019822909080370e-09 8.742735671190302860e-09 8.920740763595732640e-09 6.358770873313188711e-09 6.715871515528765817e-09 6.036190826999376885e-09 5.380024057854595505e-09 3.765174490421163642e-09 6.979253969543350155e-10 -1.970542641805538279e-09 -1.993346788751675183e-09 2.715513001928018749e-07 1.753426778756521029e-07 1.359081008191650543e-07 1.065866311723857747e-07 8.136850838476087245e-08 6.213009142612761187e-08 5.200354477425857028e-08 4.656085142456463519e-08 3.390716736591358523e-08 2.854866865409079277e-08 2.673281583933078648e-08 1.743202484207847740e-08 1.193174615632043731e-08 6.592910332019847418e-09 9.786478768119429693e-09 8.411414859934841897e-09 1.365757264595204033e-08 5.878026475656405381e-09 3.074179570755376139e-09 6.355344853722595230e-09 9.875958130319479515e-10 -2.109866372198422352e-09 -5.152530949578202494e-09 -7.804444051434943333e-09 3.770538504725921277e-07 2.622491909963140163e-07 1.993191172811719918e-07 1.588120367342591175e-07 1.265774568339858561e-07 9.410390910905830526e-08 8.472838669203371329e-08 7.687426280356341641e-08 6.183144295411658112e-08 5.283074668774808073e-08 5.489719184679180409e-08 4.297497234886649750e-08 3.573094754483454472e-08 3.213007918483734522e-08 2.586873527023901256e-08 1.560792602892608856e-08 1.499594684489574092e-08 1.996033381462943551e-08 9.955270760720187868e-09 9.200007683277273831e-09 3.126671823665099837e-10 -2.584558352239991355e-09 -1.003303523647464413e-08 -4.264256309457370985e-09
1.341187606198354264e-06 1.225348290889908896e-06 1.170122030220635252e-06 1.117398115828742255e-06 1.071770751041290678e-06 9.550061913854225168e-07 8.412458882175708996e-07 7.439210121938982016e-07 6.483964928413744390e-07 5.662099495847242733e-07 4.892246048507317362e-07 4.258719655805933029e-07 3.726049349182319882e-07 3.247172950806886695e-07 2.759589816017808574e-07 2.325526092659886104e-07 1.969932924371089135e-07 1.704363183850933854e-07 1.417863543771271362e-07 1.218519673557240966e-07 1.006610805723444667e-07 8.025172789017209559e-08 5.999485034853865309e-08 4.282968624091406993e-08 2.813421056262699191e-07 2.145471629759041140e-07 1.788062326632583374e-07 1.591399544158009559e-07 1.434681129116844118e-07 1.267370630961058360e-07 1.113164003929498181e-07 9.182031784511195209e-08 7.504287039115275815e-08 5.857808898820531974e-08 4.416146813967321620e-08 3.180358933173952350e-08 2.449018838441419682e-08 2.106306247413714248e-08 1.596141593455479347e-08 9.860163238404847077e-09 6.048753882253419218e-09 2.578911643330385903e-09 2.358904309541843023e-09 8.219771698010105329e-10 -3.811145768311691275e-09 -7.324162351239748928e-09 -1.081278616166965838e-08 -9.666343789074456929e-09 2.282196606716882587e-07 1.725196375268707116e-07 1.427839046529922698e-07 1.187719309591180616e-07 1.008652779093883324e-07 8.507210917337613727e-08 7.519454776517212688e-08 6.256497322559172685e-08 5.444235880111161224e-08 4.816527287018334587e-08 3.721392378220728259e-08 3.018550322979537346e-08 2.481581279481999504e-08 2.144006249520725314e-08 1.540710734825860339e-08 9.495815031695898492e-09 6.212081450612812584e-09 3.663442521463738667e-09 3.119155866830916202e-09 4.578513761308628206e-09 2.589911780680568507e-09 3.494863011352483350e-09 3.059283325456225709e-09 -2.540503923911076255e-10 1.828466074185598220e-07 1.250101223996462893e-07 1.005699168077815923e-07 7.761655880306400712e-08 6.084178432780207527e-08 4.513906548889652048e-08 4.213786641972674912e-08 3.465015618626517819e-08 2.826789990299395534e-08 1.988304742111513376e-08 1.636985788747933405e-08 1.756984501626605483e-08 1.635428875108315724e-08 1.290842331530240106e-08 1.173276318835957580e-08 1.099312283248134680e-08 7.074783836798843692e-09 6.528563500635555045e-09 6.061577214302324202e-09 5.742160689774351253e-09 3.862706363764432080e-09 1.411067584495839066e-09 -8.880670320526999953e-10 -4.171460571868837724e-10 2.111983316372556220e-07 1.431772363393612569e-07 1.170124733846206920e-07 9.648712860972402457e-08 7.776312539365755279e-08 6.010647603525851592e-08 5.137560654032165836e-08 4.778588125742092968e-08 3.744220552701647620e-08 3.167809295676179439e-08 2.921969250679253175e-08 2.064307081031707407e-08 1.493222994717683321e-08 1.005222870723367268e-08 1.168308195948581935e-08 8.993760966199447280e-09 1.293643626513695366e-08 5.847404486028132059e-09 4.479674043386882649e-09 7.268887057257153300e-09 2.466767472877485747e-09 -2.388144576166682726e-10 -3.997990186390676789e-09 -5.542828188892051519e-09 3.163620992897118429e-07 2.290460572890532160e-07 1.815141774201756700e-07 1.513763031112740886e-07 1.283709186461433331e-07 9.886491194884888860e-08 8.874982292229827013e-08 7.973255994411453502e-08 6.582184902697966719e-08 5.837754498653634405e-08 5.746431426897632331e-08 4.463393256624120033e-08 3.745207395156471772e-08 3.575366370320579214e-08 2.568793508390129077e-08 1.514821488496295006e-08 1.562177064192576402e-08 1.647115503463847816e-08 6.928715682488849383e-09 6.388053652726803790e-09 -8.866570494465228097e-10 -2.567089262266084537e-09 -1.183026005451998956e-08 -5.331562278698241018e-09
1.109539400101006894e-06 1.031162883085234496e-06 1.000322928197464272e-06 9.688297157638232354e-07 9.550061913854225168e-07 9.186684328519656799e-07 8.323806616913755110e-07 7.430295566907763137e-07 6.530768579667131468e-07 5.722652835395529633e-07 4.970127931956492536e-07 4.326313497478568241e-07 3.761239490084902220e-07 3.279944744443490812e-07 2.791120613271422042e-07 2.358232695094434429e-07 1.993643245367444185e-07 1.717905939181563307e-07 1.443561849102727495e-07 1.250693933270808620e-07 1.054841256025888044e-07 8.582849000579544908e-08 6.767352744703546089e-08 5.102315402501780876e-08 2.193669843671056970e-07 1.719113306785939499e-07 1.475585764199302438e-07 1.299635427041843789e-07 1.203857613659059348e-07 1.124085788617586833e-07 1.015273208396758334e-07 8.475387464763812110e-08 6.934569768200695122e-08 5.344067405057631465e-08 4.022896612757243110e-08 2.995648309517500306e-08 2.277029386358204091e-08 1.996458194704328130e-08 1.609664954477924139e-08 1.060732841960839657e-08 6.318332272189295223e-09 3.432885537214813919e-09 3.078282973156224713e-09 1.396643712980171306e-09 -1.248677791950456680e-09 -3.575349866584104001e-09 -6.896922545663536852e-09 -6.306295131494534677e-09 1.804396475071353111e-07 1.396355346230849244e-07 1.178354452579566534e-07 9.969952544668996846e-08 8.639399450839978003e-08 7.474870307736073450e-08 6.693159445422981188e-08 5.621403544275236444e-08 4.824042934895480524e-08 4.254947006282066537e-08 3.413493291377814998e-08 2.789130336987096743e-08 2.268380632042791936e-08 2.036479836114800092e-08 1.503677499822709915e-08 8.290086371056691821e-09 4.941144506408584223e-09 2.853302644882555404e-09 2.100062454055900883e-09 3.372580486891984924e-09 1.766449271930913233e-09 2.336964498180564079e-09 1.796415193426165102e-09 -1.414776524395909045e-09 1.457313259053627172e-07 1.041497856026535167e-07 8.746459272554786718e-08 6.866870404030196257e-08 5.615971161789029075e-08 4.322858863322844149e-08 3.994142139918398180e-08 3.443019989383754460e-08 3.007757882268778193e-08 2.254710787701911236e-08 1.925057636639484340e-08 1.940546856922952430e-08 1.718344182116710284e-08 1.243345645050643668e-08 1.109239094900142331e-08 1.033217565288489500e-08 6.470561631187649442e-09 5.847945869041372386e-09 5.469861763225960499e-09 5.156569771841896427e-09 3.467374708726536714e-09 2.086730223566332174e-09 -8.492183116183944906e-10 -3.097588370016872860e-10 1.658326789834371710e-07 1.135468452916889752e-07 9.879889407964721884e-08 8.473009606752395366e-08 7.160880764774622921e-08 5.749448427830379275e-08 4.947399090849698678e-08 4.506699704873012791e-08 3.593075525216727095e-08 3.029368612124115177e-08 2.808048468421883781e-08 2.112315319568519678e-08 1.525321094338176555e-08 1.023588972837271792e-08 1.111855618176816438e-08 7.184476599728231197e-09 1.057404456664584125e-08 4.557915736926472254e-09 3.699312433550152883e-09 5.516724376253914095e-09 2.714966246321112807e-09 2.645137272206049196e-10 -3.433127045979428252e-09 -5.217581473133169311e-09 2.639777103063598163e-07 1.972499842454261993e-07 1.632922739660390266e-07 1.391643869829549862e-07 1.234589190432651372e-07 9.769773468441346769e-08 8.839715817970486709e-08 7.545710062595724620e-08 6.159880611140500808e-08 5.754459674698316952e-08 5.418493154042608486e-08 4.150305568024167010e-08 3.353258246887167898e-08 3.362749190152621797e-08 2.412503853923500287e-08 1.313972336098265321e-08 1.375192335798710963e-08 1.330780321847903878e-08 7.017108917797959725e-09 5.482342027975332409e-09 -1.714242888926722937e-09 -2.862233528067123090e-09 -1.117279552240964084e-08 -4.572703609905805936e-09
9.278461805547726463e-07 8.744134916899903560e-07 8.604055457652117342e-07 8.402703668296964033e-07 8.412458882175708996e-07 8.323806616913755110e-07 8.104297731060933205e-07 7.412298246575609654e-07 6.604223860128457377e-07 5.812912481421404533e-07 5.071020493656607378e-07 4.415604916350698599e-07 3.830809426454270246e-07 3.348090334588059353e-07 2.852138897570810359e-07 2.407946624236643318e-07 2.027319345774070513e-07 1.738129642438746535e-07 1.460767988354892648e-07 1.273202918274573819e-07 1.079488449157300449e-07 8.858978492355349192e-08 7.240270116400800233e-08 5.628429099229385941e-08 1.734157872373143234e-07 1.395939920900016412e-07 1.221990334653189609e-07 1.074595985872992093e-07 1.011267590462556243e-07 9.882579960667747501e-08 9.360405813688529635e-08 8.006454801357730034e-08 6.550547581773097317e-08 5.058648606550573292e-08 3.795388793110197044e-08 2.825525451970099766e-08 2.137151822524670010e-08 1.922139159606202434e-08 1.555385004510935173e-08 9.968448149876851080e-09 5.259833386540998300e-09 1.219611915419199873e-09 7.596970328190441184e-10 -1.167235506986517593e-09 -2.320734501357967828e-09 -4.294321663176969190e-09 -7.215669601475883400e-09 -7.064777568117618798e-09 1.428586880867945682e-07 1.134797232115017930e-07 9.765385744579895203e-08 8.415391522385512104e-08 7.463309428191097543e-08 6.498714504102313715e-08 5.879292154883297364e-08 5.007394462319574692e-08 4.355351317004452541e-08 3.856938234037922584e-08 3.158761296711857513e-08 2.634866726859219174e-08 2.211547027997644143e-08 2.102126356953479717e-08 1.601935684045938300e-08 9.527760298141024773e-09 6.403635722968001778e-09 3.918446152405896027e-09 2.286130706801249044e-09 2.357618149018182730e-09 5.328877188947193882e-10 7.508327900936572163e-10 -3.773048497390066550e-10 -3.588586462948282904e-09 1.174856074432459632e-07 8.699421022412264020e-08 7.443619809255569634e-08 5.939082198526081450e-08 5.085167512262350721e-08 4.065193588007699437e-08 3.742966724004973420e-08 3.284880334255590509e-08 2.955832053720706071e-08 2.380197931969856712e-08 2.079469206932480906e-08 2.043311503818829712e-08 1.653416647032507700e-08 1.152585850956411007e-08 9.943659958952317227e-09 8.963587852127819760e-09 5.237760216706202021e-09 5.087384983140589014e-09 3.967884211850298485e-09 3.632537819269775872e-09 1.649818405958049710e-09 1.673590397167441090e-11 -2.532025486885895324e-09 -2.320110883835219142e-09 1.277137829274155315e-07 9.026903195000827043e-08 8.370489936935715886e-08 7.478368518431407684e-08 6.445619928535675639e-08 5.178350719936011699e-08 4.401019382174064304e-08 4.057355312342276853e-08 3.174370641231049424e-08 2.608582555384793099e-08 2.441684141043782349e-08 1.877060627014325166e-08 1.320627399752146142e-08 8.763880600734150835e-09 9.865610431446460821e-09 6.236620968191323575e-09 9.320950732271576825e-09 4.571922435157047537e-09 3.524883716071542625e-09 4.853393636225104623e-09 3.354682588533026202e-09 1.195468845060509846e-09 -2.491740518618514244e-09 -3.821494280181470857e-09 2.293970485095507100e-07 1.741612855216940195e-07 1.486913627457573279e-07 1.340824234266794485e-07 1.232558923949094254e-07 9.860458399689026570e-08 8.968971602076879116e-08 7.657892599155190176e-08 6.309599697662917021e-08 5.929940247515069839e-08 5.448810835100893724e-08 4.139318929805139535e-08 3.334303292038412093e-08 3.434069119205451043e-08 2.559147301483717427e-08 1.388078972499028550e-08 1.370679661972365147e-08 1.199468465482750590e-08 7.145370831575448074e-09 5.131555867601890511e-09 -1.290355984178064623e-09 -1.532196550550979504e-09 -8.141813566796314611e-09 -2.492450844321258552e-09
7.923688345271894414e-07 7.540605001899513514e-07 7.483186795186648417e-07 7.384183646056904026e-07 7.439210121938982016e-07 7.430295566907763137e-07 7.412298246575609654e-07 7.291425309404455890e-07 6.656681667183546355e-07 5.914468242332644949e-07 5.194784412558780651e-07 4.531071867040547604e-07 3.935859392342901653e-07 3.446863474723270996e-07 2.943066644631529718e-07 2.489333724189494796e-07 2.101547910063814678e-07 1.794356633132666268e-07 1.505745335542881798e-07 1.313961646132862448e-07 1.123961536537346109e-07 9.258799530679360307e-08 7.627322539346167312e-08 6.052050383047506795e-08 1.343392535229847312e-07 1.079729424066393932e-07 9.781884398703265403e-08 8.568089905267526074e-08 8.138528087966761175e-08 8.212915493357161337e-08 8.012767333506125264e-08 7.145800103924946266e-08 6.017909251887296985e-08 4.794862043271089654e-08 3.682145492775922552e-08 2.707401675847870979e-08 1.987184085639589343e-08 1.675855548497258364e-08 1.374785308892531511e-08 9.153259279118445069e-09 4.349191330697161760e-09 -1.496414109705000833e-10 -5.479827915027612741e-10 -2.038959473772090082e-09 -2.741350786154416914e-09 -4.292832158451422827e-09 -7.382904390717741439e-09 -7.107293596399616644e-09 1.126528705314255474e-07 9.065411278737851613e-08 7.888876302141368088e-08 6.904583597579192642e-08 6.357004240797852734e-08 5.576042698242716808e-08 5.201783529571570580e-08 4.566945039239524042e-08 4.025016727572409710e-08 3.562720360772327690e-08 2.938086628915098586e-08 2.471258939806307964e-08 2.208116029713291339e-08 2.070418702502562286e-08 1.556523398985317980e-08 9.687054833307459936e-09 7.113203647227605876e-09 5.065982440667366037e-09 3.379682459309510420e-09 2.832638832406687173e-09 1.183932487439032686e-09 1.177366728720829031e-09 -3.843175579488730743e-10 -3.225810063541603890e-09 9.882941250385683735e-08 7.510823615555918473e-08 6.528350273899652613e-08 5.239563143278799664e-08 4.541187914525424674e-08 3.665984222684131410e-08 3.460626614117814221e-08 3.126029723793736041e-08 2.746605359732204226e-08 2.338428808779448717e-08 2.026720074177107399e-08 2.020965256044853313e-08 1.733060184741416834e-08 1.271342953958631211e-08 1.126115332450164556e-08 9.665338855441667721e-09 5.571891497478689325e-09 5.560452813208173757e-09 3.971758354318339230e-09 3.529269156456268233e-09 1.114928296382985134e-09 -4.522802384527133218e-10 -3.160344975315096878e-09 -3.487757207901689016e-09 1.015954371762695957e-07 7.587945323612297032e-08 7.237644743322840046e-08 6.768666310434503353e-08 6.060901299741790390e-08 4.956876419122310380e-08 4.226053427957543414e-08 3.784274927189009125e-08 2.979504450545797168e-08 2.453536850755222617e-08 2.348291471437056926e-08 1.809262546987526994e-08 1.370583998662618925e-08 1.065665899085738567e-08 1.140004243978701337e-08 8.358367496254025727e-09 1.092834736889629526e-08 6.077338220016634971e-09 3.952384089444203879e-09 4.809237166141489720e-09 2.948125789511786727e-09 4.869869184365758278e-10 -3.505132964368938686e-09 -4.735085269579637829e-09 2.017061835124060121e-07 1.553586016219973270e-07 1.347686143545272382e-07 1.241304684584619998e-07 1.189007644383919517e-07 9.950382012054302991e-08 8.951384248792986104e-08 7.723317766379274240e-08 6.097357304902560537e-08 5.886141039857460097e-08 5.244482759847424426e-08 4.051476590646690363e-08 3.212542436676882731e-08 3.288598511617250695e-08 2.384702063692861984e-08 1.402422230147817186e-08 1.311466041041353183e-08 1.271941312671387293e-08 7.399029925237253406e-09 4.446319874468177840e-09 -1.602598088493977487e-09 -1.818541756658949668e-09 -7.667712149225330103e-09 -3.643232346919986337e-09
6.675637876874534252e-07 6.443785216361387225e-07 6.452120407619956373e-07 6.397166823786381747e-07 6.483964928413744390e-07 6.530768579667131468e-07 6.604223860128457377e-07 6.656681667183546355e-07 6.525928413022980962e-07 5.932242738121142817e-07 5.272090377332408154e-07 4.625147509252775123e-07 4.044426272340634077e-07 3.555290563375151255e-07 3.044932893275822781e-07 2.569028750194505011e-07 2.174481606046158772e-07 1.856536669344354270e-07 1.553968657175353326e-07 1.353686975239494204e-07 1.164538747553359906e-07 9.678855191112572658e-08 8.093809234788416997e-08 6.512628265760477619e-08 1.001188867872630018e-07 8.185127938659347609e-08 7.576937360285832098e-08 6.569063179672894487e-08 6.334717906842392255e-08 6.586622812920204706e-08 6.594494126267660032e-08 6.085361937462027035e-08 5.376296404279634446e-08 4.459361656183434548e-08 3.569857459050989014e-08 2.602163464728322108e-08 1.963454793223788201e-08 1.661579583095896070e-08 1.362749233269089080e-08 9.079789116918697150e-09 4.039547644732201856e-09 -3.616326067565797533e-10 -8.730413718539465879e-10 -2.314528856009722661e-09 -2.716080703799354920e-09 -3.566812858904871115e-09 -6.148348193510717653e-09 -6.048034941610033788e-09 9.168038413439249837e-08 7.562330751821832081e-08 6.465183148309122362e-08 5.631312668061568584e-08 5.315944708520234930e-08 4.689961819036359449e-08 4.422704959237958091e-08 3.942635943377959838e-08 3.563886522935798568e-08 3.173253529493602950e-08 2.693382152345294853e-08 2.386690654933583061e-08 2.223474201714029806e-08 2.159501395546948642e-08 1.625754216326525183e-08 1.040290034842420380e-08 7.409285065317428079e-09 5.690593668346754955e-09 4.414740444172735237e-09 3.962966669869244530e-09 3.005257801649007446e-09 2.977619179230256709e-09 1.604595712733920162e-09 -1.141291244575459435e-09 7.941086665456532910e-08 6.083313595065709144e-08 5.359686604326149019e-08 4.285162596286970069e-08 3.897189664050811651e-08 3.223305038539918126e-08 3.136392262350669353e-08 2.900128497480312326e-08 2.610411687201842133e-08 2.287593237428548010e-08 1.953272480003248692e-08 1.976615485723948837e-08 1.700255633649985668e-08 1.250003260165340656e-08 1.096302541502966836e-08 9.224176600675988994e-09 5.137242474578248624e-09 5.991844910423284051e-09 4.688060297395672851e-09 4.801127989473624325e-09 2.405170064385830036e-09 5.725484883065501971e-10 -2.267405522158211442e-09 -3.717250659969846582e-09 7.384814887627696634e-08 5.913302279858545316e-08 5.901497120668620028e-08 5.611070493566830483e-08 5.146709356665680308e-08 4.209492274002227458e-08 3.618918541315347889e-08 3.228187808208463775e-08 2.514208113872446248e-08 2.147976237743338938e-08 2.078191713146573423e-08 1.767764197346245734e-08 1.228877485679983021e-08 9.878123548422821033e-09 9.994851819658625783e-09 7.437857862979678458e-09 1.062367834959912403e-08 6.702155809922081336e-09 4.509354520288592788e-09 5.194904711491533629e-09 3.913235910589054962e-09 8.839320104645513803e-10 -3.208282082365350435e-09 -4.242554808910801366e-09 1.704373010195842085e-07 1.326426828768536850e-07 1.166191349232062396e-07 1.087825245956664266e-07 1.094081942722456520e-07 9.342819967218978449e-08 8.747250925176116520e-08 7.392761040264211433e-08 5.928878900416708905e-08 5.820819927591014459e-08 4.949812402371654276e-08 4.053338878989351513e-08 3.149250716677727462e-08 3.202400502378684347e-08 2.131762033300496547e-08 1.413958725649364691e-08 1.252101884756588404e-08 1.323112346835275714e-08 8.101228532365434238e-09 5.083380394256847370e-09 8.712949227363059831e-12 -6.062505183641986301e-10 -5.774851251701456912e-09 -2.510988379938702661e-09
5.654456488692357058e-07 5.540900805631251119e-07 5.600068812937066743e-07 5.562332648264189513e-07 5.662099495847242733e-07 5.722652835395529633e-07 5.812912481421404533e-07 5.914468242332644949e-07 5.932242738121142817e-07 5.791092892337370648e-07 5.262682771903286839e-07 4.668920043627790074e-07 4.133194230043994586e-07 3.670593639926665228e-07 3.170820142460587081e-07 2.687230207160564378e-07 2.285748110276553044e-07 1.956627134997574734e-07 1.646624040699406011e-07 1.429417420639679555e-07 1.232485364586482818e-07 1.026036881230225920e-07 8.571067724943337419e-08 7.043973120546158353e-08 8.170664513531019237e-08 6.686505897240370543e-08 6.215504351109150139e-08 5.320632533127150308e-08 5.064735515495579129e-08 5.328347165362554292e-08 5.376629336712869351e-08 4.989724875277454487e-08 4.555931532429583061e-08 4.089436245562280588e-08 3.451839785732704052e-08 2.659819585744571879e-08 2.136435376595430036e-08 1.887889331678568558e-08 1.597842775162186203e-08 1.143356098598233334e-08 5.407158168887338353e-09 1.466555874387625866e-09 8.089581857388705485e-10 -4.814281805044509474e-10 -7.846712634476086278e-10 -1.561118335087605674e-09 -4.480755626126745720e-09 -4.308057111602884389e-09 7.745978318635084870e-08 6.339363402494935633e-08 5.252299996551873782e-08 4.486882412327231772e-08 4.372907062293153110e-08 3.970014257273148216e-08 3.840498213871744725e-08 3.499612126901923903e-08 3.222121797501991757e-08 2.907935924028165820e-08 2.459717874212545073e-08 2.149276604619058015e-08 2.011584536582319991e-08 1.999950601776510170e-08 1.561165424776877384e-08 1.047555248942431249e-08 7.325705886497362033e-09 5.498312596423928031e-09 4.807507052080434480e-09 4.446727610342601574e-09 3.854667150769114404e-09 3.539128647172371525e-09 2.525292967833142347e-09 -6.839507971396528144e-10 6.789367451756862417e-08 5.175518222629490475e-08 4.577465892682835584e-08 3.509272528783094442e-08 3.270095906434867574e-08 2.761844143463849715e-08 2.860417208000457911e-08 2.660371491322789646e-08 2.367291446386744439e-08 2.081615199402932239e-08 1.735975064932881443e-08 1.776672372263229930e-08 1.498281869004178040e-08 1.080112763411689021e-08 9.659246872618609419e-09 7.676027123461269863e-09 3.342680608387443561e-09 3.658152874584075301e-09 3.063634266811657448e-09 2.680185825387612222e-09 6.452327107624898459e-10 -1.688297157043570274e-09 -4.212160047752594608e-09 -5.564864068634275889e-09 6.032826194479246385e-08 4.894514617632808552e-08 5.061984945111988191e-08 4.654019056154876372e-08 4.401596037992096072e-08 3.652428292705421500e-08 3.285591837801610059e-08 2.921070912355578863e-08 2.268432278839074526e-08 2.023166621833692154e-08 1.972044498365576819e-08 1.693860885210444233e-08 1.201364221827433814e-08 1.067103327792541225e-08 1.025291467682780916e-08 8.149159493605728695e-09 1.139617488464138298e-08 7.820754473361917777e-09 5.983643899234471465e-09 5.033336884931355167e-09 3.801305524349439610e-09 4.757277513638594022e-10 -2.752104848549457664e-09 -4.127457132347524484e-09 1.558484439384168430e-07 1.188990035781978808e-07 1.042106119944945254e-07 9.489572444051796962e-08 9.700698419912772941e-08 8.719055801880524423e-08 8.478633400511649880e-08 7.215908691133480371e-08 5.936907901654750577e-08 5.924628832613961296e-08 4.863827245757352688e-08 4.033028458932490916e-08 3.093843218997683178e-08 3.191017932040269943e-08 2.100322820293985895e-08 1.451340994184581215e-08 1.418509848696831962e-08 1.479443916521701160e-08 9.732947793517916694e-09 5.967439184639351953e-09 5.912550700110689623e-10 -9.360949290087380426e-10 -5.109534102143785277e-09 -2.444789245250658514e-09
4.767328634129336612e-07 4.705307124831914344e-07 4.796979857348483405e-07 4.785933468094097163e-07 4.892246048507317362e-07 4.970127931956492536e-07 5.071020493656607378e-07 5.194784412558780651e-07 5.272090377332408154e-07 5.262682771903286839e-07 5.131918488827188539e-07 4.658382255094975847e-07 4.178976433328259030e-07 3.747806470862790831e-07 3.261976629088976250e-07 2.781640227708418859e-07 2.376470974762762417e-07 2.041027910242374185e-07 1.719529855471827047e-07 1.494950499376297073e-07 1.301741088276013823e-07 1.095497788307961730e-07 9.240887940744570591e-08 7.705141298156694396e-08 6.845464604529385553e-08 5.538073574589100913e-08 5.169863856282102322e-08 4.361200413601413694e-08 3.951788552945086421e-08 4.257208475573984799e-08 4.306481812189753421e-08 4.062408931076915441e-08 3.807687624210303096e-08 3.605091883460882351e-08 3.404847911008824222e-08 2.824011533804272999e-08 2.381661354876747692e-08 2.126525024917048015e-08 1.821566185565191142e-08 1.395721427362718019e-08 8.056461107723770071e-09 4.590497526566898720e-09 3.520644148459382761e-09 1.771830414550235389e-09 9.746338264254004783e-10 8.702771278311038472e-10 -1.817463776607002873e-09 -2.011861398392507398e-09 6.518694316879825272e-08 5.348118195212692804e-08 4.309463677163777653e-08 3.618234876880488631e-08 3.618495137301115181e-08 3.319375880478179399e-08 3.331097189949652720e-08 3.094625495293826367e-08 2.820496552251372284e-08 2.623294892640403791e-08 2.309690541746513901e-08 2.064239256918897791e-08 1.936722283187926505e-08 1.940400668901112731e-08 1.670962553791762524e-08 1.284271794540676848e-08 9.765821436414125613e-09 7.928031795077479738e-09 7.451270170935171304e-09 6.530577874362422158e-09 5.652172887861285427e-09 5.244758863275984172e-09 4.652754823559638230e-09 1.834589642647276799e-09 6.001018104858729297e-08 4.570281489713932282e-08 4.042046029140617589e-08 3.060521090781048202e-08 2.880947967909621532e-08 2.548536816997829144e-08 2.747191928010146744e-08 2.540875631510362926e-08 2.240477175097071992e-08 1.966223837113835572e-08 1.585937500067436101e-08 1.677313999789663422e-08 1.456372199592785070e-08 1.054681729318376183e-08 9.489059949453911791e-09 7.339152647688222353e-09 3.283764439567018688e-09 3.360931275931691871e-09 3.129675485571053586e-09 2.455702961825837897e-09 1.013448431823903561e-09 -1.222549764638924257e-09 -2.999492601611388728e-09 -4.316659836360124034e-09 5.146382998951338357e-08 4.268714548340247087e-08 4.567505271468980682e-08 4.109367083757081956e-08 3.822066508574757155e-08 3.277296382171112543e-08 2.961371254615439419e-08 2.660337914217088537e-08 2.129076965848961144e-08 1.960236125159311275e-08 1.834806074134647841e-08 1.488421507875254931e-08 1.071565639305973409e-08 1.035271566877549408e-08 8.882653825269199425e-09 6.998981390468414542e-09 1.064675279854722758e-08 7.697526967326093110e-09 6.363924665631067339e-09 4.240471976424315418e-09 3.088766418418300028e-09 6.393229502528778300e-10 -2.415852911508916842e-09 -4.136436494490327740e-09 1.420115497603648205e-07 1.088953329689952725e-07 9.625640742043267069e-08 8.605521315946963935e-08 8.717352447181565952e-08 8.202358009883339803e-08 7.793546242632547088e-08 6.803050055879099194e-08 5.920245952675433195e-08 5.835367292863839991e-08 4.725717452770869957e-08 3.932493810332171072e-08 3.083329476438186443e-08 3.127001386201825274e-08 2.282262468658975760e-08 1.588593966605666316e-08 1.427401871882580386e-08 1.587412634556394301e-08 1.066858804100967963e-08 5.350793655099698149e-09 3.883866168471000529e-10 -9.961231745793011600e-10 -3.926832694667134958e-09 -1.458724815902302621e-09
