2.996852758633392600e-06 2.167891160510637350e-06 1.668835231884290133e-06 1.326544509802666966e-06 1.073290688060609712e-06 8.860397235872624075e-07 7.424994362506414467e-07 6.268582555099945795e-07 5.186501619522046381e-07 4.296269358341871256e-07 3.620901875961040673e-07 3.126557520342134517e-07 2.643072244201690036e-07 2.302281972546137780e-07 1.984576637461557812e-07 1.703540607701178266e-07 1.514928728216296658e-07 1.365810834988465619e-07 1.198532560706049973e-07 1.063644728824963278e-07 8.320250937019470368e-08 5.992232830920044136e-08 3.749064221873394989e-08 2.186965540107639950e-08 8.865452167798558408e-07 5.856470800550996541e-07 4.036576007015638583e-07 2.978765224724509973e-07 2.274468450474119333e-07 1.769021296770890175e-07 1.413005430868785406e-07 1.133133577652486223e-07 9.115961971424898997e-08 6.907019486801630724e-08 5.448128129805229599e-08 4.129453116991289636e-08 3.375836758393131679e-08 3.085927521143002170e-08 2.672514457329571058e-08 1.723992390120450542e-08 1.038915120451051147e-08 2.287631422988211476e-09 9.806802601229562765e-11 -9.696114012045310571e-10 -1.293382544208120973e-09 -2.168358197719135479e-09 -2.350994762301382803e-09 -2.734489364428500190e-09 8.209935476678623416e-07 5.242948943650699396e-07 3.703929012365443382e-07 2.756605045169146641e-07 2.105338068618656940e-07 1.618575978824961387e-07 1.236492509450283375e-07 9.822774035750917568e-08 8.526102059841108686e-08 7.323350699961558355e-08 6.126326582521785771e-08 5.252794028703224793e-08 4.749702740581749892e-08 3.969592314838543416e-08 3.239849492247571214e-08 2.571623889992307403e-08 1.840850309136340891e-08 1.311816738211173370e-08 1.026965171706816896e-08 1.586745769797539047e-08 1.728535715658632583e-08 1.736573939646337053e-08 1.391391653318811364e-08 1.137237101166069892e-08 6.892783479305477765e-07 4.164388371988721180e-07 2.826680127338548575e-07 2.099792989172221201e-07 1.600239630958484241e-07 1.251523090082009371e-07 9.340045452652470128e-08 6.716752887942096401e-08 5.236038308880055192e-08 3.923459070668883439e-08 3.252026701050740246e-08 3.076723864364429254e-08 2.980742599948748581e-08 1.794404026781140766e-08 1.313783615773963928e-08 1.162502224820605157e-08 1.118796000448488509e-08 9.995790828421317167e-09 8.418524394541262833e-09 7.078790940543325071e-09 9.666601118016394133e-09 6.856886452460301486e-09 3.300510010891857920e-09 4.061046706817026971e-09 8.058620955599701137e-07 4.828251848891595383e-07 3.279191355875191250e-07 2.502376111449255495e-07 1.809596313268837376e-07 1.369345881759351382e-07 1.014963841139160195e-07 7.553692724884666951e-08 5.312500864941048279e-08 4.226180167221943972e-08 3.896179987826752594e-08 2.233369682214247287e-08 1.286013891914399706e-08 -1.715484895566388912e-09 -2.716737442337268345e-09 1.353400820092195775e-10 4.094988980010260086e-09 9.951510443362513791e-11 1.245565751537687566e-09 2.511145726550530661e-10 -3.324806093029204859e-09 -9.564223314966678545e-10 -5.894894877626847695e-09 -8.528637637749892814e-09 9.003952423116349501e-07 5.300695399154275256e-07 3.603461609591229489e-07 2.568357895630439626e-07 1.917136050903385141e-07 1.355675176351869713e-07 9.390877027806249047e-08 8.158332734815460736e-08 6.961992599948730050e-08 4.572214902614037171e-08 4.579872299461809797e-08 2.772924958354689438e-08 1.840364092132240032e-08 8.319320156330079272e-09 2.836628716043028140e-09 -3.165701835597123841e-09 2.959486753587921427e-09 7.244957121348021258e-09 1.787210645181956112e-09 8.582735872629433960e-09 3.859599115838024616e-09 1.425737160430548093e-08 2.031082810097404123e-09 5.010510667606383517e-09
2.167891160510637350e-06 1.737846664268165320e-06 1.403170683449167834e-06 1.147752498440274279e-06 9.535030580447909272e-07 8.020681179757030556e-07 6.815820526285371704e-07 5.837099482190709902e-07 4.906641135034256331e-07 4.155536364196369500e-07 3.533618201594803892e-07 3.065788147726362126e-07 2.627285007838035614e-07 2.283963315389444183e-07 1.976517522931181095e-07 1.682436663181344183e-07 1.468587996960367418e-07 1.311084700781335180e-07 1.131611546750404914e-07 9.897994960996240519e-08 7.940972585806154392e-08 5.959436465825642924e-08 3.930192602495775272e-08 2.453311806944313255e-08 5.634074957047034131e-07 3.873283803183102844e-07 2.745160485178364080e-07 2.075603591288303420e-07 1.623285571212953612e-07 1.295063654620160490e-07 1.069777904327121803e-07 8.715691983093982568e-08 6.973228469374682733e-08 5.158418668074793919e-08 3.998698899208896949e-08 2.939912794142977788e-08 2.207373612707016375e-08 1.867692223670502541e-08 1.459818903032071575e-08 7.948234233337666314e-09 2.373339145121008471e-09 -2.227203557076664367e-09 -3.648967428168414493e-09 -4.067190333509098594e-09 -5.535448616356919568e-09 -6.576842836218963668e-09 -7.117734865632179450e-09 -6.797732783104096406e-09 5.184767677399563291e-07 3.391867610848473549e-07 2.459703087566482093e-07 1.881283361406719530e-07 1.456220572137238829e-07 1.121535546937363650e-07 8.600579327147302680e-08 6.888771830177464888e-08 5.994324788517454190e-08 5.213388612160854561e-08 4.304025216051455125e-08 3.491857252270798808e-08 3.072451987342556848e-08 2.468890311557335666e-08 1.959953205192164383e-08 1.450906548580592028e-08 9.574003851272158093e-09 5.403375622316416671e-09 3.084806492677139135e-09 6.460378403309348093e-09 7.118836552398516823e-09 7.674889986534851814e-09 5.646179254176068271e-09 4.102039481907135825e-09 4.564452603787679865e-07 2.908900803297594077e-07 2.078154305550014872e-07 1.609493899896858976e-07 1.270164027526869034e-07 1.014456794298427320e-07 7.893622730750734653e-08 5.824717983868096371e-08 4.607780882413181912e-08 3.498340633770201729e-08 2.941743508005560609e-08 2.728378816270134090e-08 2.688473664094074287e-08 1.776745211944693984e-08 1.409261532363604146e-08 1.215777375174353982e-08 1.114751685269639933e-08 8.847386732896531838e-09 6.170599327215550707e-09 4.159876325507720542e-09 5.797287150715064828e-09 3.295324588956069245e-09 4.157666673143705841e-10 1.298039974246078627e-09 5.356744836848063266e-07 3.352093847829724650e-07 2.398900581823845219e-07 1.881268497305394828e-07 1.386838470763736261e-07 1.066167719903517003e-07 8.302284955986209315e-08 6.549230390205527019e-08 4.655910595344116737e-08 3.807828419799429200e-08 3.666129816729128569e-08 2.270612093419932793e-08 1.613647634121006300e-08 3.997884591812938601e-09 2.484981848316519541e-09 3.752707930359379000e-09 5.903477044138788284e-09 9.979711552398580731e-10 -6.122440186726500165e-10 -1.576983721305171783e-09 -5.380869000029399593e-09 -5.006866979995538072e-09 -8.588110380290483981e-09 -9.166038532940245940e-09 6.104650445778116328e-07 3.790517411426250606e-07 2.697310324998845989e-07 2.007844004908158634e-07 1.558573942521595019e-07 1.135066586069251947e-07 7.709120778699029719e-08 6.846313403566690838e-08 5.775455119169661465e-08 3.957072042290207780e-08 4.091459034196421535e-08 2.695042449279907623e-08 1.793493275253969498e-08 1.132554712484560338e-08 5.061300072052166431e-09 -2.976135404237804894e-09 -1.033226196002733945e-10 3.014220427365962879e-09 -3.276610387642733984e-09 2.468044227529384922e-09 -3.004464951769174008e-09 4.078168959171834329e-09 -4.949598455709975523e-09 -2.219749868184477472e-09
1.668835231884290133e-06 1.403170683449167834e-06 1.243775160655054362e-06 1.053542492339992391e-06 8.952321353548722012e-07 7.670800596554613183e-07 6.610951213952906825e-07 5.720074370814463125e-07 4.853402562234262803e-07 4.165286250719475873e-07 3.576163160884289947e-07 3.110631032186624691e-07 2.699413021151928862e-07 2.365978290076650928e-07 2.048610574602873837e-07 1.730364607615051085e-07 1.485969770914034706e-07 1.302933197369885773e-07 1.101142541049248141e-07 9.679156462244035216e-08 7.994176212991857420e-08 6.183329506594975360e-08 4.261318072620391930e-08 2.780709067281600246e-08 3.926686870777690429e-07 2.783494776664553793e-07 2.066622259153038791e-07 1.604229890390905107e-07 1.292727160435798958e-07 1.060272095520582274e-07 8.981309711444749799e-08 7.451552900992366836e-08 6.055024138262424778e-08 4.506713879861944257e-08 3.531564317111441176e-08 2.605008991553302803e-08 1.935953021123047412e-08 1.593642073264235816e-08 1.250505193795110124e-08 7.743784861010743209e-09 3.530883279696818704e-09 1.886696206127766579e-10 -1.366854117213967023e-09 -2.587481451557003193e-09 -4.758364794273236689e-09 -5.859528438810273992e-09 -7.290912443755198268e-09 -6.610159995714686458e-09 3.682726206527128189e-07 2.481691974709796242e-07 1.867516036495575317e-07 1.451750935202415692e-07 1.142572817517918767e-07 8.997023463298545114e-08 7.160718182589232378e-08 5.793520610962423666e-08 5.076459594963910874e-08 4.483539725713374708e-08 3.724708942765794314e-08 2.979977836082381728e-08 2.641979247217696883e-08 2.107420016794664698e-08 1.683953312955315718e-08 1.219782334222254699e-08 7.815863156294376800e-09 4.106749575144312389e-09 2.001132664207507907e-09 4.445581596711653862e-09 4.897390018044555648e-09 5.699415261509436835e-09 4.682573056009521778e-09 2.863780844050131701e-09 3.410545243837751166e-07 2.281332637833897734e-07 1.712389254693368879e-07 1.358937679337414478e-07 1.090256331599598214e-07 8.889153854370600635e-08 7.142188038789490408e-08 5.343301028502617247e-08 4.235405400945079719e-08 3.280789861362597001e-08 2.786570644572774059e-08 2.655074752150012933e-08 2.615666671463143060e-08 1.831803688472071925e-08 1.500482073532068010e-08 1.271817510750054924e-08 1.118980140832568619e-08 9.113840529184263966e-09 7.177704815363713572e-09 5.616392882800738726e-09 6.917603842029288200e-09 4.683015434760230800e-09 2.063437199870180618e-09 2.282740506129689242e-09 3.927583247037045298e-07 2.553128708241782078e-07 1.915894772003740535e-07 1.572045084448602472e-07 1.187349654708913072e-07 9.442165536877874546e-08 7.691634629335724490e-08 6.236234094484970368e-08 4.673657007860617832e-08 3.876535038935481672e-08 3.830515969689773274e-08 2.566834447656095814e-08 2.027117387967287108e-08 1.131463759993823379e-08 8.673850020166220572e-09 8.002336636949520256e-09 8.918413823091984664e-09 3.021361919538954620e-09 3.473855512830746465e-10 -9.248018662665720122e-10 -3.188923755472187846e-09 -3.573119202479180564e-09 -5.500274993225403618e-09 -6.174443300146626292e-09 4.601552598856408876e-07 3.024392102421206026e-07 2.242261761063582632e-07 1.728886733017322855e-07 1.386425854928852786e-07 1.042126774014061355e-07 7.469424507345965600e-08 6.687084353941021142e-08 5.783480080727833981e-08 4.365876745216825896e-08 4.428321796041966930e-08 3.293715111890916939e-08 2.390193346255801189e-08 1.899237248552652987e-08 1.266129816466545063e-08 3.368518621440438174e-09 4.481647918837322341e-09 5.999583639590027533e-09 -1.331475650097468238e-09 2.158739394362715061e-09 -4.101271868776843169e-09 1.181376763492397595e-10 -6.708061156636783607e-09 -5.127779348652639051e-09
1.326544509802666966e-06 1.147752498440274279e-06 1.053542492339992391e-06 9.667694366865236840e-07 8.488921263990298721e-07 7.398957081666816808e-07 6.444511568216378290e-07 5.630260838325875533e-07 4.827761466303532718e-07 4.169082743002743756e-07 3.595597264790650369e-07 3.129160654781907482e-07 2.720778979180492812e-07 2.366965865182630105e-07 2.032181937940610939e-07 1.719281930472811290e-07 1.454190922477754571e-07 1.254078607849274084e-07 1.054847425374545663e-07 9.224117950546589159e-08 7.721474378313777229e-08 6.075152383708232560e-08 4.369765361710264145e-08 2.997169194654272473e-08 3.041978269004548779e-07 2.220474872595812102e-07 1.734554750957894634e-07 1.422791328543159504e-07 1.190235733524631219e-07 1.013076054818463978e-07 8.680828359353346915e-08 7.249482502457760274e-08 5.996734892362889457e-08 4.544257533547311510e-08 3.642837560183517064e-08 2.788955890421892911e-08 2.098208867142532602e-08 1.672661621404744411e-08 1.322619643352296854e-08 9.101361221861843504e-09 5.801894976094645787e-09 2.906996755552005862e-09 9.845353255161304611e-10 -7.336091464234379676e-10 -3.244692374024255085e-09 -5.056007706220445240e-09 -7.515415914285220605e-09 -6.924599373167190337e-09 2.875939638604833266e-07 2.020118733804015290e-07 1.582188181911755715e-07 1.276496442660762500e-07 1.042570363180713173e-07 8.436832895803755814e-08 6.945958786267654594e-08 5.802598844014420922e-08 5.114654785061878102e-08 4.616338108977330989e-08 3.943255106250686146e-08 3.261912857635009938e-08 2.840190875318247650e-08 2.332644463747049693e-08 1.861614731516412815e-08 1.338536573194911449e-08 9.007357860827986065e-09 5.715526386216405007e-09 3.463483039382906320e-09 4.583038354647878456e-09 4.156225229180490947e-09 4.396137581820171703e-09 3.912930669223855539e-09 2.215009143062396005e-09 2.751056029505677571e-07 1.921257402719076271e-07 1.496315010471722864e-07 1.219010447374613491e-07 9.997523724697737011e-08 8.241406943475814749e-08 6.891067556255296120e-08 5.385590614417998203e-08 4.423808788998496239e-08 3.533910293691344210e-08 3.037021489820270592e-08 2.952736571514399229e-08 2.877327837342766162e-08 2.147029031560104779e-08 1.813198526291691092e-08 1.549573541836468043e-08 1.330009271937046866e-08 1.061902945841139380e-08 8.312202965482176993e-09 6.569732726386626702e-09 6.918387799237044847e-09 4.807997938215798992e-09 2.527319713093742000e-09 2.487660976716432000e-09 3.063640344274902961e-07 2.100281631834450112e-07 1.650623829761531231e-07 1.375417560992261412e-07 1.076621943570341319e-07 8.697003982299937975e-08 7.353169094348419196e-08 6.105328718983953182e-08 4.900678991437761092e-08 4.160360396728041361e-08 3.889639975086333889e-08 2.761911992168788904e-08 2.293731680579948959e-08 1.564733529358629673e-08 1.318371299291664095e-08 1.160247877927251386e-08 1.161369238137649522e-08 5.386088719740190887e-09 2.304178877372682234e-09 1.096029529833374354e-09 1.203269256623305879e-10 -1.033712796506205611e-09 -3.212083302173753054e-09 -3.309324519372164308e-09 3.602686376133297428e-07 2.474318881069817492e-07 1.907213517521489852e-07 1.540668572842007129e-07 1.288470068092447007e-07 9.970058644053914348e-08 7.536315296695263606e-08 6.862263698208564877e-08 5.996060046130184074e-08 4.687944403458501865e-08 4.522938518918414159e-08 3.473020679811112352e-08 2.455227346421761584e-08 2.265639091764626556e-08 1.511896703245915353e-08 5.549733181176517726e-09 6.579495608599203095e-09 8.201859190537001886e-09 -5.200033473796497035e-10 3.274926092966199507e-09 -3.611995861727070091e-09 -1.051169908663908523e-09 -7.205816346808290018e-09 -6.417487696515444206e-09
1.073290688060609712e-06 9.535030580447909272e-07 8.952321353548722012e-07 8.488921263990298721e-07 8.086029357346685545e-07 7.264946157721237897e-07 6.435261414270534947e-07 5.664106000159649898e-07 4.906980963558517713e-07 4.271710223965650311e-07 3.699462783020063138e-07 3.227055315908295126e-07 2.811945023067726930e-07 2.449868857251112383e-07 2.087682989085564734e-07 1.757662302281932710e-07 1.474096065374210650e-07 1.255566826110086212e-07 1.059854482970584413e-07 9.292686693903296681e-08 7.872895408696458978e-08 6.216194895508604951e-08 4.521256095996386770e-08 3.293636413493291907e-08 2.369131970390337385e-07 1.784821722913218001e-07 1.468234086042992862e-07 1.253739582100076328e-07 1.108791564734561663e-07 9.891100012603885137e-08 8.673147123952826374e-08 7.218581642873357743e-08 5.969791078293189002e-08 4.609450452951827702e-08 3.726422794899206163e-08 2.940093238387627917e-08 2.347140194577602581e-08 1.938094304570580353e-08 1.562478285358076268e-08 1.189391928555971572e-08 7.866674055339430730e-09 4.799123956766594132e-09 2.488391095413453350e-09 7.698161595881863651e-10 -1.947837683333889184e-09 -3.991881683468319619e-09 -7.060434151832606517e-09 -6.510557353942075504e-09 2.256833141516332681e-07 1.646915469428767874e-07 1.335916071954481144e-07 1.106466345626665107e-07 9.206677831093331627e-08 7.630859785991431247e-08 6.392519536245597707e-08 5.446816746613769458e-08 4.909851383117947038e-08 4.495332075160081726e-08 3.897107956302350883e-08 3.275349353000986019e-08 2.826331953270076966e-08 2.383039213339524991e-08 1.904090290209519759e-08 1.352954510743754481e-08 9.246069397734250886e-09 6.103525864730985562e-09 3.937158897076745514e-09 4.538694149332836079e-09 3.551715315706110870e-09 3.110798478186884103e-09 2.775512717049275303e-09 1.139392619432241032e-09 2.195990573345111530e-07 1.601899390571041530e-07 1.297010290900106746e-07 1.091892292020275184e-07 9.192323093663601905e-08 7.658185431283656130e-08 6.656731488554629520e-08 5.364264353741461971e-08 4.500096267335588392e-08 3.732467134051688250e-08 3.183620053450942662e-08 3.077338116040743285e-08 3.000414072123587572e-08 2.363448111256524200e-08 2.019136597063509767e-08 1.752605678230375373e-08 1.412647463180927279e-08 1.077431505674895643e-08 8.245744425147669800e-09 6.477566076875248628e-09 6.516217659239484336e-09 4.490800824346065022e-09 2.446756128372591073e-09 2.944826036038681877e-09 2.408205682526197986e-07 1.730103441753809403e-07 1.424062995361247766e-07 1.227783889937169719e-07 9.926409405564398141e-08 8.084642951570662893e-08 6.973251527773702853e-08 5.943953617050108758e-08 5.023106815861566443e-08 4.243535388483006455e-08 3.982325999014792369e-08 2.968204466393858148e-08 2.506540174936561001e-08 1.837941204095631706e-08 1.647718518246215177e-08 1.364912690003445480e-08 1.271244781994941138e-08 7.289744321165677300e-09 5.127187586389071011e-09 4.113957500514666977e-09 3.450122803249284701e-09 2.067556390533229254e-09 -7.552897061511048646e-10 -2.272569728323355592e-10 2.998660738440143270e-07 2.165899306965324707e-07 1.746821669895531976e-07 1.465843813371242646e-07 1.287561417103773370e-07 1.018443444741977627e-07 7.971541146144053893e-08 7.094934955986215382e-08 6.224497712711434868e-08 5.148332172026111758e-08 4.722264414791503861e-08 3.592036463698726243e-08 2.575210642136021754e-08 2.618468547340159039e-08 1.653125800031093433e-08 5.896400926437469829e-09 6.649656573499511030e-09 7.367332839243837258e-09 -4.708983505201140968e-10 3.132042769680962647e-09 -2.507777838813215120e-09 -6.096742233911103691e-10 -7.450207806946420196e-09 -6.586262951008728219e-09
8.860397235872624075e-07 8.020681179757030556e-07 7.670800596554613183e-07 7.398957081666816808e-07 7.264946157721237897e-07 7.022784720695448744e-07 6.390048056408649203e-07 5.677458962826973789e-07 4.969300236341077315e-07 4.353851751713084995e-07 3.787603799144614119e-07 3.313558814980863007e-07 2.874772284628620876e-07 2.498283792472441036e-07 2.126275291840148922e-07 1.786241958059548846e-07 1.483243197761132784e-07 1.253262002096970128e-07 1.063840043722324365e-07 9.308798104665745007e-08 8.000293058651096011e-08 6.352176782634577537e-08 4.797097372275456052e-08 3.633284761230051606e-08 1.891294509703933072e-07 1.462135214281663117e-07 1.233335791037696549e-07 1.053627547125369890e-07 9.636595394700915165e-08 9.069626442933863244e-08 8.158904517282004753e-08 6.860135492517502585e-08 5.727804500896987664e-08 4.497696413514290380e-08 3.583580192009568342e-08 2.885853639421983889e-08 2.249261608932162771e-08 1.840132232682271007e-08 1.501898239290903857e-08 1.189280152911284891e-08 7.776382863768924285e-09 4.616285075801797822e-09 1.535913247252348705e-09 -2.850409339787962734e-10 -1.902903076973981190e-09 -2.969098752163670006e-09 -5.929269672813863424e-09 -5.466853557654346292e-09 1.848090806438060757e-07 1.378809513503476467e-07 1.143104366387351734e-07 9.647764598913133484e-08 8.214882192139791613e-08 6.967757049532193038e-08 5.929569355222417068e-08 5.135519867858855004e-08 4.655581115768717337e-08 4.267950033531564266e-08 3.777308487135650795e-08 3.237395363873931755e-08 2.800535194409547278e-08 2.395786138728775006e-08 1.929042027496409431e-08 1.288693750866518323e-08 8.034180746160022345e-09 4.978896413461775033e-09 2.711232033173404491e-09 3.259699739677423449e-09 2.180185035942059461e-09 1.383054718156303782e-09 1.452208479940934490e-09 8.589427526657450661e-11 1.774560147071488661e-07 1.330365004022736961e-07 1.119219686465432308e-07 9.658261357931195605e-08 8.355878389392577082e-08 7.082257494580331666e-08 6.242391625170153461e-08 5.122993475891938038e-08 4.489032278240039967e-08 3.840648625941094327e-08 3.296403716830796633e-08 3.167764117051153289e-08 3.013420489807667720e-08 2.328931851730092083e-08 1.977495511418064904e-08 1.696814111011793473e-08 1.328773014022864821e-08 9.881295360565394284e-09 7.138764188551902586e-09 5.387862946492340771e-09 5.605885229359052499e-09 4.069404224977101295e-09 1.842252491628926507e-09 2.512389511263663902e-09 1.954882455398032433e-07 1.429309901393043501e-07 1.236234175478002136e-07 1.103842360125850171e-07 9.168265871615847352e-08 7.491748733966837926e-08 6.493954274526088390e-08 5.452353919017996100e-08 4.680343353870647730e-08 3.884038678409972906e-08 3.630357693038876728e-08 2.713590355933488917e-08 2.288824970197082868e-08 1.616087429497060247e-08 1.520434045802489125e-08 1.227488491399955585e-08 1.108526766853482768e-08 6.109068394675712799e-09 4.351300333845186796e-09 3.565556719809515307e-09 4.095578524779208104e-09 2.590531566672399956e-09 -4.880349728701654873e-10 4.262319213139188053e-11 2.498176034967356260e-07 1.887045155353287226e-07 1.588438830215798471e-07 1.403957595679180495e-07 1.250090377257669259e-07 1.014881648852311169e-07 8.271660703895036266e-08 7.030122991913548756e-08 6.154654593798052159e-08 5.160581341850752010e-08 4.543292946922975764e-08 3.332332878000774499e-08 2.192114570029241497e-08 2.335272820684641192e-08 1.574438684344301568e-08 4.568054368661311148e-09 6.119918594972304487e-09 5.955434179140992774e-09 8.858462219353640033e-10 4.162612037437728178e-09 -1.166955996714591260e-09 2.984613859223154181e-10 -6.128991050722203402e-09 -4.640004026413528153e-09
7.424994362506414467e-07 6.815820526285371704e-07 6.610951213952906825e-07 6.444511568216378290e-07 6.435261414270534947e-07 6.390048056408649203e-07 6.228752709371402831e-07 5.665250047474605850e-07 5.027443360036046212e-07 4.432798901929244667e-07 3.867804561427102149e-07 3.391459883802760449e-07 2.942390562857633299e-07 2.563394392167533565e-07 2.189042270136791740e-07 1.839194450155868028e-07 1.514420332952419904e-07 1.275483025298079998e-07 1.087980320695146071e-07 9.547126914843997441e-08 8.299263853656394369e-08 6.687486020514915966e-08 5.314274701603215347e-08 4.178463684239275160e-08 1.521187185911383877e-07 1.209210091777229517e-07 1.034977652160303129e-07 8.871719156737616981e-08 8.379534863373982918e-08 8.283240773541953908e-08 7.839491217408473251e-08 6.805168052532959242e-08 5.739815773962082092e-08 4.636970081967218292e-08 3.744581231776894599e-08 3.081133702556901496e-08 2.479070455147000357e-08 2.111133874389763471e-08 1.731432064052906243e-08 1.371436467952541376e-08 9.276932938972018401e-09 5.270497881498362834e-09 2.235990321272828746e-09 -2.941933151137268667e-10 -1.301621964566298105e-09 -2.260886284671166684e-09 -5.146772423347416748e-09 -5.043854072312638013e-09 1.491241003688735820e-07 1.128862377542832186e-07 9.492341243036392240e-08 8.091739284393877737e-08 7.021826580946306122e-08 6.019791461398527830e-08 5.184493675899703926e-08 4.552762817932798196e-08 4.201104387199510938e-08 3.883521207598461726e-08 3.483473767550894695e-08 3.059819823377671006e-08 2.726758092214163328e-08 2.438655508944548381e-08 1.969481467784489125e-08 1.335777976510573379e-08 8.998423489215260442e-09 5.744803587483508872e-09 3.168157363605047262e-09 2.632527490105953971e-09 1.107605093226676794e-09 1.162319512482033403e-10 -1.331630910167966936e-10 -1.604815062263152056e-09 1.454879472548756865e-07 1.128789638394770553e-07 9.744718161031342419e-08 8.605719783255342280e-08 7.647336653754692441e-08 6.675394863079881632e-08 5.955497110246111574e-08 4.966695381624393379e-08 4.431021580673226124e-08 3.877099391757895776e-08 3.399200338834225445e-08 3.271034474649401776e-08 3.038514036097503701e-08 2.366354391400801370e-08 1.995830898509382983e-08 1.703852960125532286e-08 1.346662612804701022e-08 1.052091698561477367e-08 7.325009256497304245e-09 5.320583588911948037e-09 4.816465014788549307e-09 2.793598349102184203e-09 4.364776270680897161e-10 8.455238045222692666e-10 1.577847875175405202e-07 1.199776079112434920e-07 1.090067863800404654e-07 1.004119562613962587e-07 8.549045416074996469e-08 7.065433900962937903e-08 6.132585356290590832e-08 5.182083855063814529e-08 4.414806109939418346e-08 3.667321257488803920e-08 3.450180899874805437e-08 2.668064032736466525e-08 2.282969711098131994e-08 1.634005860907814664e-08 1.604922249203854883e-08 1.278040192923343637e-08 1.131847277982705605e-08 6.899256229466178551e-09 4.766843105889386383e-09 3.746448285242539420e-09 5.063829601885543476e-09 3.624354419969585441e-09 1.158137303484551334e-09 1.547210074068785811e-09 2.152229618858761958e-07 1.666710675693842049e-07 1.454686212356420435e-07 1.345416986686104905e-07 1.225316280837486113e-07 1.026074135447562594e-07 8.573413885061044676e-08 7.339285708358882260e-08 6.486780240902097909e-08 5.465093277932300848e-08 4.659488997445621867e-08 3.474860478653230395e-08 2.217824929838419220e-08 2.358109813798726480e-08 1.704257071615229919e-08 6.774738840317285719e-09 7.682985206199432774e-09 5.834892132870069064e-09 1.406847359697846414e-09 3.827111487593587928e-09 -1.177724693515724552e-09 6.904014250783529811e-10 -4.046034335061456948e-09 -3.279809666753490266e-09
6.268582555099945795e-07 5.837099482190709902e-07 5.720074370814463125e-07 5.630260838325875533e-07 5.664106000159649898e-07 5.677458962826973789e-07 5.665250047474605850e-07 5.523876217492516602e-07 5.027415441387763988e-07 4.481220873280615966e-07 3.936798967154303468e-07 3.462501505449082941e-07 3.019672590138736120e-07 2.636731966162794979e-07 2.257770435211867520e-07 1.904101029904800367e-07 1.569335456470407771e-07 1.318260706279252383e-07 1.126658732344069056e-07 9.919069765399839092e-08 8.745904147935904537e-08 7.108215113308870783e-08 5.745494719395690003e-08 4.631147835914331008e-08 1.181308024552351813e-07 9.611435268168481290e-08 8.484641243666553832e-08 7.248743814857446908e-08 6.935312121568608863e-08 7.061562804278595262e-08 6.883686147498968143e-08 6.216863568073550323e-08 5.421094054331112797e-08 4.578592113334060994e-08 3.811704453369854977e-08 3.189567201351132483e-08 2.588579175454368319e-08 2.179722076110612722e-08 1.795337614170121983e-08 1.465097034307749216e-08 1.031711725806859348e-08 6.029331528178059318e-09 3.323915331355930502e-09 7.997025863155496759e-10 -2.751840292073810484e-10 -1.253297732982664628e-09 -4.441914314643180659e-09 -4.827955298249734725e-09 1.211165611750173961e-07 9.336226044231205795e-08 7.933261237196556717e-08 6.870324799388291614e-08 6.018537463763864643e-08 5.140430066548474725e-08 4.569276361428774019e-08 4.125436316811055618e-08 3.840324752333814096e-08 3.569288511566159501e-08 3.201973306669131358e-08 2.853692329280482874e-08 2.637235102217443141e-08 2.370446605775934015e-08 1.934059695742413195e-08 1.369667146314206076e-08 9.803049260152422904e-09 6.912485459327299525e-09 4.608119619194868268e-09 3.602117984892156312e-09 2.157932392804030099e-09 1.254476216484190721e-09 6.287457671979906097e-10 -9.487297098587498539e-10 1.238219835561417689e-07 9.793496661653129297e-08 8.646256792649431473e-08 7.739414791909974316e-08 6.959047393098117664e-08 6.165568498710195321e-08 5.643693857290504524e-08 4.764711800169736236e-08 4.263341992336835044e-08 3.816219281831092973e-08 3.318796632244080118e-08 3.237296844409338992e-08 3.054768781037052849e-08 2.458290968902031408e-08 2.093290092932587816e-08 1.786216154389089310e-08 1.385937589382494050e-08 1.122346759123104920e-08 7.812408504255918955e-09 5.548686255892305950e-09 4.456140176118181856e-09 2.286361273327675664e-09 -1.899465175487530787e-11 -1.133494718975501079e-10 1.272075077009689132e-07 1.009923238986313645e-07 9.423321071581608389e-08 8.973803636218512492e-08 7.850635811395585878e-08 6.586711545571404591e-08 5.769859318466358380e-08 4.839302205678481981e-08 4.104669513742425551e-08 3.437074096512089452e-08 3.239489951349032248e-08 2.535393357756845520e-08 2.236141790674812295e-08 1.690415073816707341e-08 1.669086462595896271e-08 1.366731613044175771e-08 1.239215430506425674e-08 8.359657052709414327e-09 5.376293985429919803e-09 3.902825104402123640e-09 5.202873129374586864e-09 3.564100852022084768e-09 1.702035286654176179e-09 1.592457600557930593e-09 1.795679250153345020e-07 1.451991514817956166e-07 1.282735179815311344e-07 1.232045728378052178e-07 1.152303556519985926e-07 9.887281156783818629e-08 8.292817242103675993e-08 7.147274899379057043e-08 6.192425269092761404e-08 5.313314690238722891e-08 4.351904591172240050e-08 3.389138125887521334e-08 2.154505331439952451e-08 2.174704420599776120e-08 1.564679766576199301e-08 7.667789393417399528e-09 8.498361626236228980e-09 6.724366634176690609e-09 2.012051100318452784e-09 2.799397248993795606e-09 -2.009088504423968375e-09 -9.534948870272188094e-11 -4.368252161564890673e-09 -4.699628614161715694e-09
5.186501619522046381e-07 4.906641135034256331e-07 4.853402562234262803e-07 4.827761466303532718e-07 4.906980963558517713e-07 4.969300236341077315e-07 5.027443360036046212e-07 5.027415441387763988e-07 4.901842425655503413e-07 4.473255427381721118e-07 3.977830152338855802e-07 3.520558512760897819e-07 3.095952225243357863e-07 2.717308370389605286e-07 2.331869545249495963e-07 1.965618485817489131e-07 1.619624245647459107e-07 1.356933967524536223e-07 1.150498942080459169e-07 1.008896835720541701e-07 8.920616396619852575e-08 7.360775623708107564e-08 6.076563993218060709e-08 4.957962476315205255e-08 8.912948116508140236e-08 7.429036121188400609e-08 6.712482620067676085e-08 5.703467522618713848e-08 5.641514411010327056e-08 5.890969738091436470e-08 5.887438026369417812e-08 5.451067772726889799e-08 4.957308575730393530e-08 4.328241537494444128e-08 3.732935733514132508e-08 3.135479902960653845e-08 2.625106382734580864e-08 2.257400341092418253e-08 1.886629794777375241e-08 1.536120753149920582e-08 1.086598626177410959e-08 6.506534916152714590e-09 3.555890663205502981e-09 9.252509697107848435e-10 -1.532663312109786315e-10 -7.893057603393852464e-10 -3.815916736950785766e-09 -4.363160176370241342e-09 1.030843569880094775e-07 8.119517437805132110e-08 6.829288859275628246e-08 5.917850537607867905e-08 5.236729479785489205e-08 4.477452495541381326e-08 4.014626553506599063e-08 3.637509973395317688e-08 3.469135732988963459e-08 3.238594851027420666e-08 2.929846149200492077e-08 2.709826150944033886e-08 2.561868300803076984e-08 2.316434227981030441e-08 1.902283497822678782e-08 1.372388149913663647e-08 9.979482716145996030e-09 7.278649037168819826e-09 5.122721332481874155e-09 4.186131088460314953e-09 3.559471761538845758e-09 2.773432166459401407e-09 2.161703230426183104e-09 4.449385673908307649e-10 1.038329678501356688e-07 8.275956300152914353e-08 7.347885625567177271e-08 6.624909072428186766e-08 6.029709827662993460e-08 5.434133844665617486e-08 5.115278200990880799e-08 4.396439940714518686e-08 3.964634173653069254e-08 3.606991453284782414e-08 3.092429867774829270e-08 3.036701447423982510e-08 2.851582821020749168e-08 2.304544137569216014e-08 1.952277368767383214e-08 1.660874699318760066e-08 1.286817011006335967e-08 1.079211697999555095e-08 7.813597483373388874e-09 6.249076229298124068e-09 5.336678548884128570e-09 3.226541542115860324e-09 8.802980147318327997e-10 3.844094085840821967e-10 1.000241476286853897e-07 8.339635857793624718e-08 7.926881331583833986e-08 7.806437532953898921e-08 6.910262953608295451e-08 5.882816186345165271e-08 5.221088613158664134e-08 4.403454506778786888e-08 3.719141497739695417e-08 3.192747231821009858e-08 3.011617690434078738e-08 2.421440924368334765e-08 2.160519327651435484e-08 1.619730979463037909e-08 1.533276952760668314e-08 1.249658313517239011e-08 1.222981608002623380e-08 8.846984253293833714e-09 5.804152555488566751e-09 4.288760959333590336e-09 5.850970131437441040e-09 3.576744015521669306e-09 1.344611314027695861e-09 1.350725688959421864e-09 1.528194134890895584e-07 1.261975531873101885e-07 1.129013380026318718e-07 1.107386170222712062e-07 1.068227365330199384e-07 9.336747645937142898e-08 8.151458607870272083e-08 6.920713866496593161e-08 6.112914768067657128e-08 5.438453478880119630e-08 4.211186382403732573e-08 3.402461769027654567e-08 2.260382457451409428e-08 2.180752049495426458e-08 1.426922577429823222e-08 8.540315077755434382e-09 1.005554530804925301e-08 8.202771158495857662e-09 3.532643788966981740e-09 3.353073066250175329e-09 -2.050376974607389035e-09 -1.667516137163791671e-09 -5.836135865067100225e-09 -6.608231127269744709e-09
4.296269358341871256e-07 4.155536364196369500e-07 4.165286250719475873e-07 4.169082743002743756e-07 4.271710223965650311e-07 4.353851751713084995e-07 4.432798901929244667e-07 4.481220873280615966e-07 4.473255427381721118e-07 4.378872733014173822e-07 3.986486359076061373e-07 3.571208454706916086e-07 3.173680489119701480e-07 2.807257654759856547e-07 2.417407464252250969e-07 2.045164700773458746e-07 1.688987835263125140e-07 1.423245820507136804e-07 1.207575117305332812e-07 1.054641368408173940e-07 9.321073056849787538e-08 7.751007897746855891e-08 6.423876577637785764e-08 5.312267674521672287e-08 6.880033619266274778e-08 5.978798619560376466e-08 5.571635261288877492e-08 4.730746441978052599e-08 4.748519747859449783e-08 4.949418405021389861e-08 4.979440228529289738e-08 4.670793026695017039e-08 4.361125467708879045e-08 4.073145163157192981e-08 3.663869480027051127e-08 3.166219144343799427e-08 2.719934322825200089e-08 2.378798397312016300e-08 2.017687118312589064e-08 1.670847554585288534e-08 1.204656399828586365e-08 7.865683890039609785e-09 5.173481109414242377e-09 2.730856491731846640e-09 1.892810336334452168e-09 1.276767735230351467e-09 -1.971258948227472044e-09 -2.964780394249278560e-09 8.488274413289523849e-08 6.811453887823393834e-08 5.675238767739958973e-08 4.962838774462019245e-08 4.444495857630801397e-08 3.853002572713868235e-08 3.529583233955269814e-08 3.238129874234316198e-08 3.124846857118249995e-08 2.934545404153817630e-08 2.612683736587374474e-08 2.379517501743533796e-08 2.247371733547733723e-08 2.033900080979907727e-08 1.699694500140741036e-08 1.273202964904505785e-08 9.782046854387424258e-09 7.873314906815326240e-09 6.489141894446722932e-09 5.556336227848689573e-09 5.246515379880846586e-09 4.455952335288334754e-09 4.051926367625680464e-09 2.063442556255303622e-09 8.641403430670267570e-08 6.885503369646519516e-08 6.198080181716391561e-08 5.563151789435432189e-08 5.119978875061973351e-08 4.701427496828020924e-08 4.563335262864354966e-08 3.962163742059552265e-08 3.577923451981324142e-08 3.246759711969903389e-08 2.723656459171839127e-08 2.673673196227662377e-08 2.479713188486780701e-08 1.989849493219114421e-08 1.693051576797523510e-08 1.446241128498627101e-08 1.102685215494787357e-08 9.000476959587772916e-09 6.689462567010610056e-09 5.235065571669832926e-09 4.541775371079151675e-09 2.528493347778778989e-09 4.672112677609662740e-10 5.465213929805044254e-11 8.066385143915278358e-08 6.807829290832362562e-08 6.657027340487424878e-08 6.609184720792597655e-08 5.990411539532050559e-08 5.188794393112819757e-08 4.758406095602515367e-08 4.079189710509962559e-08 3.452363618699115399e-08 3.030207844127858315e-08 2.874632486387814509e-08 2.313842758232433726e-08 2.091665815082220828e-08 1.615874620675824871e-08 1.494942064599070154e-08 1.257179669946473612e-08 1.302688060767494546e-08 1.044353678914133407e-08 7.387060067451746903e-09 5.545585670127131478e-09 7.018685977556688968e-09 4.268087111170391954e-09 2.428246679403583197e-09 1.783722587092786756e-09 1.361076248624075774e-07 1.111533797905234894e-07 9.927730875454797583e-08 9.745960051276770537e-08 9.449071336420569146e-08 8.616933504833587537e-08 7.709287027144541180e-08 6.675039914745269020e-08 6.017983124038953460e-08 5.451105226827770227e-08 4.177989439946736880e-08 3.369363159392828802e-08 2.209636433291878418e-08 2.126177912755965239e-08 1.342200977850786658e-08 8.334247584782075272e-09 1.065035421043012696e-08 9.203608431678597267e-09 4.366876127521816564e-09 3.927157356252788009e-09 -2.080781127374782053e-09 -2.312424296913733598e-09 -5.114844565838444803e-09 -5.896529741998635229e-09
3.620901875961040673e-07 3.533618201594803892e-07 3.576163160884289947e-07 3.595597264790650369e-07 3.699462783020063138e-07 3.787603799144614119e-07 3.867804561427102149e-07 3.936798967154303468e-07 3.977830152338855802e-07 3.986486359076061373e-07 3.894391457596351288e-07 3.580985803161046436e-07 3.225367506617034532e-07 2.879661078807839448e-07 2.501100082765461294e-07 2.134434859130665770e-07 1.782451324247336018e-07 1.512257746930954106e-07 1.284983811916546999e-07 1.125958879263261879e-07 9.990955735184124082e-08 8.419501712446749730e-08 7.068136859618009759e-08 5.954314668391999071e-08 5.449280976548379707e-08 4.819468284444303845e-08 4.597650510457016107e-08 3.853873701590612474e-08 3.811865370427941810e-08 4.016404852492627920e-08 4.049528501567081875e-08 3.858257211518252266e-08 3.674853767298828500e-08 3.642819988068329739e-08 3.533402167026581424e-08 3.183378086899528244e-08 2.781444551343993945e-08 2.434391059649945843e-08 2.066484868625589434e-08 1.759975376225731669e-08 1.365213098789190472e-08 1.017713514717125569e-08 7.711805060036478235e-09 5.095479081765571836e-09 4.197830284595551381e-09 3.666923292804868917e-09 1.286043474972933160e-10 -1.265453512700503712e-09 7.240714545714254776e-08 5.866624312878640853e-08 4.813739111510700478e-08 4.206139187133971322e-08 3.872554883162060077e-08 3.366450049995386842e-08 3.147260670022102135e-08 2.930151722949978012e-08 2.781849757585433767e-08 2.648751328028497137e-08 2.361678943963157776e-08 2.215527532749073780e-08 2.080650495332360093e-08 1.882475201451965202e-08 1.703894231625645258e-08 1.402430541714629782e-08 1.150084833334732764e-08 9.680090705901138371e-09 8.433886035744588218e-09 7.076160086042464253e-09 6.548301115022976517e-09 5.656719874633435165e-09 5.382860777575182818e-09 3.506943383384725926e-09 7.699953242977540951e-08 6.160862277436535337e-08 5.574643714446570964e-08 4.980260012939973200e-08 4.636733295241619487e-08 4.307449213097944800e-08 4.254098453924416166e-08 3.734378975892976385e-08 3.371836163884011415e-08 3.031610062935355680e-08 2.492336054650417511e-08 2.476737673828465705e-08 2.278672873936022680e-08 1.794228859517190440e-08 1.529524817873979597e-08 1.302605539824048238e-08 9.696042559091178914e-09 7.900850106292689758e-09 5.955677281931918924e-09 4.549579333002824890e-09 4.158293056944310137e-09 2.531915512011497836e-09 9.979692549428183570e-10 5.577522834023712743e-10 6.795631208039598333e-08 5.851626519397365623e-08 5.829171763114328994e-08 5.729373379771611585e-08 5.210850113014754874e-08 4.605555577215560467e-08 4.347574835939539535e-08 3.806255176412263656e-08 3.286221383737639293e-08 2.945429130920672747e-08 2.747125743838803042e-08 2.199230555999024733e-08 1.988719402408182528e-08 1.550408910941003776e-08 1.412923130634984165e-08 1.185210843535474394e-08 1.250450678508712147e-08 1.044385553436235254e-08 7.860158371915201314e-09 5.672605423028118163e-09 6.792392173832663097e-09 4.360029694734095630e-09 2.541685886178586282e-09 1.602869902782095883e-09 1.221953775365304759e-07 1.010137417297559622e-07 9.155031790338706271e-08 8.774561306937993542e-08 8.546380966465292210e-08 8.019124963238692019e-08 7.236504761744727242e-08 6.453234023745717766e-08 6.063478216299326955e-08 5.377970789254772507e-08 4.140234321197197622e-08 3.395108023628072383e-08 2.336585558477790064e-08 2.172751393568661969e-08 1.492121511456923716e-08 9.605089235448809560e-09 1.135436826847938964e-08 1.094589700111754529e-08 6.162375679559037627e-09 4.280125316147253291e-09 -1.573078463335322175e-09 -1.829412499684895848e-09 -4.121117123627223304e-09 -4.658498407710213664e-09
