4.772857999999999764e-06 3.910936999999999652e-06 3.366857000000000196e-06 2.882251999999999861e-06 2.463588000000000103e-06 2.107385000000000153e-06 1.806627999999999917e-06 1.553650999999999967e-06 1.341249000000000048e-06 1.163044000000000075e-06 1.013535000000000029e-06 8.880151000000000463e-07 7.823240000000000377e-07 6.924225000000000184e-07 6.139682000000000198e-07 5.424538999999999496e-07 4.741275000000000082e-07 4.070576000000000225e-07 3.415564000000000130e-07 2.795999999999999890e-07 2.235440000000000064e-07 1.749816999999999952e-07 1.343744000000000045e-07 1.013006999999999986e-07 3.372422000000000074e-07 2.924870000000000170e-07 2.444244999999999796e-07 2.010745000000000050e-07 1.639202000000000122e-07 1.328318999999999892e-07 1.071583000000000021e-07 8.612865000000000408e-08 6.900285999999999430e-08 5.512221000000000294e-08 4.391692999999999963e-08 3.488827999999999773e-08 2.756740999999999962e-08 2.147306999999999893e-08 1.612562999999999946e-08 1.113784000000000049e-08 6.315315999999999619e-09 1.690503999999999935e-09 -2.542524999999999965e-09 -6.161912000000000093e-09 -9.031246000000000599e-09 -1.113186999999999994e-08 -1.253355000000000042e-08 -1.334892000000000026e-08 5.720447000000000316e-09 5.080500000000000395e-09 4.403756000000000070e-09 3.808852999999999854e-09 3.315097000000000138e-09 2.917520999999999980e-09 2.603843000000000104e-09 2.360516999999999904e-09 2.174895999999999972e-09 2.035863000000000169e-09 1.933766999999999905e-09 1.859984000000000057e-09 1.806414000000000003e-09 1.765493999999999901e-09 1.730972999999999995e-09 1.698976999999999933e-09 1.668486000000000064e-09 1.640792000000000097e-09 1.618093999999999975e-09 1.602059999999999946e-09 1.593117999999999957e-09 1.590517999999999987e-09 1.592794000000000073e-09 1.598234000000000005e-09 1.426286999999999916e-09 1.262351999999999902e-09 1.087447999999999986e-09 9.312642999999999726e-10 7.989352999999999842e-10 6.896722000000000371e-10 6.008425999999999658e-10 5.294359999999999489e-10 4.725835000000000152e-10 4.276933999999999967e-10 3.924417000000000160e-10 3.647768000000000198e-10 3.429470000000000152e-10 3.254862999999999889e-10 3.111873999999999857e-10 2.990894999999999938e-10 2.885017000000000109e-10 2.790773999999999797e-10 2.708280000000000185e-10 2.640005000000000232e-10 2.588739999999999893e-10 2.555847999999999899e-10 2.540636999999999899e-10 2.540741999999999765e-10 7.336130000000000391e-10 6.406639999999999706e-10 5.414409999999999504e-10 4.527571999999999821e-10 3.774193999999999902e-10 3.149102000000000134e-10 2.637134999999999910e-10 2.221261999999999903e-10 1.885247000000000107e-10 1.614215000000000097e-10 1.394977000000000000e-10 1.216723999999999944e-10 1.071158000000000061e-10 9.518724999999999873e-11 8.534157000000000104e-11 7.704816999999999844e-11 6.982400999999999906e-11 6.335414999999999778e-11 5.755813999999999853e-11 5.254324000000000301e-11 4.848269999999999818e-11 4.549282000000000204e-11 4.357624000000000052e-11 4.263475000000000107e-11 2.816634999999999962e-09 2.458700000000000205e-09 2.073857999999999892e-09 1.725963000000000030e-09 1.426519999999999950e-09 1.174421999999999980e-09 9.645660000000000790e-10 7.909224999999999641e-10 6.475839999999999839e-10 5.291431999999999807e-10 4.310357999999999975e-10 3.496454000000000094e-10 2.821044999999999743e-10 2.259115999999999915e-10 1.784279000000000007e-10 1.368202999999999913e-10 9.863581000000000600e-11 6.247212000000000099e-11 2.823157999999999995e-11 -3.195187000000000126e-12 -3.063581000000000171e-11 -5.328280000000000314e-11 -7.094083999999999643e-11 -8.392781999999999649e-11
3.910936999999999652e-06 3.898997999999999799e-06 3.283065000000000050e-06 2.849874000000000152e-06 2.456712999999999851e-06 2.112909000000000170e-06 1.817841000000000058e-06 1.567051999999999943e-06 1.355004000000000054e-06 1.176204999999999990e-06 1.025614999999999963e-06 8.986642000000000169e-07 7.910101999999999715e-07 6.982645000000000253e-07 6.161559000000000361e-07 5.411839000000000448e-07 4.710935000000000090e-07 4.047429999999999867e-07 3.418117999999999797e-07 2.827746999999999864e-07 2.287780000000000121e-07 1.810763999999999948e-07 1.404028000000000057e-07 1.067447999999999964e-07 2.924870000000000170e-07 2.718219000000000181e-07 2.365193000000000048e-07 1.985491999999999976e-07 1.638999000000000130e-07 1.339437999999999874e-07 1.087236000000000062e-07 8.780734000000000255e-08 7.062665999999999855e-08 5.660960999999999679e-08 4.522116999999999967e-08 3.595561000000000256e-08 2.831603999999999976e-08 2.183263999999999876e-08 1.612831000000000011e-08 1.096287000000000021e-08 6.213813000000000202e-09 1.842109000000000054e-09 -2.113632999999999995e-09 -5.551955000000000397e-09 -8.366031000000000224e-09 -1.050503000000000007e-08 -1.199280999999999925e-08 -1.290780999999999950e-08 5.080500000000000395e-09 4.799010000000000368e-09 4.310857999999999922e-09 3.792486999999999872e-09 3.332025000000000185e-09 2.947645999999999811e-09 2.637564000000000178e-09 2.393256999999999938e-09 2.204543999999999951e-09 2.061434000000000018e-09 1.954586999999999839e-09 1.875294000000000080e-09 1.815639999999999946e-09 1.769071999999999989e-09 1.730892000000000024e-09 1.698189999999999902e-09 1.669496999999999948e-09 1.644541000000000101e-09 1.623969000000000020e-09 1.608717000000000081e-09 1.599296000000000016e-09 1.595424999999999999e-09 1.596120000000000068e-09 1.600005999999999903e-09 1.262351999999999902e-09 1.188211999999999991e-09 1.060534000000000093e-09 9.238937000000000436e-10 8.004709000000000053e-10 6.950997000000000166e-10 6.077102000000000259e-10 5.365190000000000164e-10 4.792431000000000488e-10 4.335594000000000155e-10 3.973133000000000139e-10 3.686213999999999964e-10 3.458502000000000120e-10 3.275584000000000111e-10 3.125302999999999976e-10 2.998722999999999779e-10 2.890348999999999942e-10 2.797327999999999876e-10 2.718606000000000155e-10 2.654375999999999748e-10 2.605500999999999748e-10 2.572707999999999777e-10 2.555756999999999842e-10 2.553139000000000235e-10 6.406639999999999706e-10 5.986009999999999887e-10 5.260859999999999553e-10 4.483458999999999934e-10 3.779563999999999957e-10 3.176032000000000060e-10 2.672073999999999990e-10 2.257339999999999879e-10 1.918642999999999978e-10 1.642844000000000071e-10 1.418514999999999935e-10 1.236216000000000015e-10 1.087698999999999968e-10 9.654624999999999890e-11 8.632116000000000293e-11 7.762952000000000181e-11 7.014876000000000613e-11 6.366363999999999751e-11 5.805398999999999869e-11 5.328939000000000100e-11 4.940888999999999951e-11 4.647217000000000109e-11 4.449858000000000243e-11 4.343513000000000053e-11 2.458700000000000205e-09 2.292993000000000087e-09 2.009624999999999872e-09 1.704241000000000009e-09 1.424641000000000064e-09 1.181621999999999913e-09 9.754944000000000678e-10 8.027711999999999792e-10 6.588244999999999928e-10 5.391574999999999551e-10 4.398757999999999897e-10 3.575539000000000240e-10 2.889905999999999864e-10 2.311832999999999889e-10 1.814754999999999902e-10 1.377014000000000070e-10 9.830229000000000279e-11 6.232241000000000606e-11 2.933679999999999996e-11 -5.698162000000000171e-13 -2.691032000000000120e-11 -4.911576000000000235e-11 -6.688103999999999872e-11 -8.030048000000000238e-11
3.366857000000000196e-06 3.283065000000000050e-06 3.256452999999999838e-06 2.785142999999999941e-06 2.437439000000000178e-06 2.116260000000000131e-06 1.831897999999999931e-06 1.585589000000000024e-06 1.374744999999999913e-06 1.195421999999999996e-06 1.043317000000000077e-06 9.140288999999999665e-07 8.030440000000000273e-07 7.060031000000000176e-07 6.193431000000000079e-07 5.407461999999999482e-07 4.689429999999999925e-07 4.031418000000000134e-07 3.426251999999999968e-07 2.867979000000000061e-07 2.355460000000000103e-07 1.893629999999999997e-07 1.489532000000000080e-07 1.147050999999999992e-07 2.444244999999999796e-07 2.365193000000000048e-07 2.202973999999999990e-07 1.929095000000000109e-07 1.629038999999999954e-07 1.350954999999999937e-07 1.107913000000000056e-07 9.017259000000000449e-08 7.297778000000000274e-08 5.878405000000000154e-08 4.711182999999999736e-08 3.745901999999999789e-08 2.934302999999999974e-08 2.237166000000000089e-08 1.628726999999999891e-08 1.094312999999999921e-08 6.243727999999999679e-09 2.102523999999999925e-09 -1.554276000000000103e-09 -4.751982000000000186e-09 -7.455798999999999515e-09 -9.611467000000000802e-09 -1.119749999999999985e-08 -1.224507000000000061e-08 4.403756000000000070e-09 4.310857999999999922e-09 4.103828999999999974e-09 3.739209000000000048e-09 3.342722000000000030e-09 2.985137000000000173e-09 2.684067000000000095e-09 2.440193000000000157e-09 2.247764000000000139e-09 2.098786999999999817e-09 1.984687999999999878e-09 1.897238000000000144e-09 1.829420000000000079e-09 1.776013999999999984e-09 1.733500000000000063e-09 1.699458000000000026e-09 1.672010000000000102e-09 1.649669000000000045e-09 1.631554999999999956e-09 1.617513000000000058e-09 1.607782000000000022e-09 1.602441999999999914e-09 1.601078000000000000e-09 1.602798999999999978e-09 1.087447999999999986e-09 1.060534000000000093e-09 1.003634000000000011e-09 9.059164000000000006e-10 7.992079000000000273e-10 7.013492000000000166e-10 6.169795000000000199e-10 5.465418000000000120e-10 4.888290000000000498e-10 4.420851000000000102e-10 4.045046999999999980e-10 3.744040999999999831e-10 3.502521000000000028e-10 3.307028999999999996e-10 3.146570999999999825e-10 3.013186999999999988e-10 2.901908999999999848e-10 2.809750999999999844e-10 2.734516999999999957e-10 2.674457000000000167e-10 2.628496999999999841e-10 2.596230999999999841e-10 2.577435000000000106e-10 2.571400999999999835e-10 5.414409999999999504e-10 5.260859999999999553e-10 4.935948999999999578e-10 4.378160000000000110e-10 3.767750000000000250e-10 3.205987000000000088e-10 2.718695999999999893e-10 2.307835999999999877e-10 1.966382000000000003e-10 1.684984999999999998e-10 1.454507999999999957e-10 1.266342000000000010e-10 1.112275999999999975e-10 9.847315999999999881e-11 8.774406999999999611e-11 7.861822000000000223e-11 7.086287000000000378e-11 6.432750999999999638e-11 5.886745000000000076e-11 5.434816000000000255e-11 5.068095999999999814e-11 4.783693999999999751e-11 4.581819999999999797e-11 4.460968999999999710e-11 2.073857999999999892e-09 2.009624999999999872e-09 1.878318999999999870e-09 1.657086000000000082e-09 1.414288000000000069e-09 1.188379000000000079e-09 9.895757000000000862e-10 8.191328000000000068e-10 6.749938999999999639e-10 5.541372000000000497e-10 4.533262000000000036e-10 3.692656000000000013e-10 2.986473000000000157e-10 2.383604000000000158e-10 1.859414999999999932e-10 1.398366999999999872e-10 9.913691000000000595e-11 6.316678999999999524e-11 3.129770000000000143e-11 3.010877999999999845e-12 -2.191983999999999841e-11 -4.337626000000000242e-11 -6.110462000000000545e-11 -7.499801999999999389e-11
2.882251999999999861e-06 2.849874000000000152e-06 2.785142999999999941e-06 2.766599999999999905e-06 2.392991999999999992e-06 2.110239000000000160e-06 1.844790000000000044e-06 1.607002000000000085e-06 1.399169999999999895e-06 1.219848000000000005e-06 1.065858999999999962e-06 9.331639000000000383e-07 8.175338999999999485e-07 7.153525000000000259e-07 6.241288999999999978e-07 5.423790000000000421e-07 4.691459999999999845e-07 4.035817999999999829e-07 3.447321999999999772e-07 2.915375000000000124e-07 2.430783999999999964e-07 1.989492000000000012e-07 1.593707999999999940e-07 1.248324000000000108e-07 2.010745000000000050e-07 1.985491999999999976e-07 1.929095000000000109e-07 1.808070000000000122e-07 1.594809999999999972e-07 1.355184999999999968e-07 1.129469999999999988e-07 9.299679999999999799e-08 7.592214000000000145e-08 6.154398000000000526e-08 4.948599999999999724e-08 3.930978999999999852e-08 3.062624999999999937e-08 2.315845999999999904e-08 1.673196000000000102e-08 1.122646000000000013e-08 6.533853000000000267e-09 2.537544999999999844e-09 -8.865926999999999673e-10 -3.845577999999999642e-09 -6.392187000000000314e-09 -8.515457999999999237e-09 -1.017877000000000082e-08 -1.136832000000000071e-08 3.808852999999999854e-09 3.792486999999999872e-09 3.739209000000000048e-09 3.597334999999999965e-09 3.324804999999999873e-09 3.018380999999999981e-09 2.737210999999999803e-09 2.497960999999999828e-09 2.302484000000000132e-09 2.146364999999999960e-09 2.022918999999999971e-09 1.925443999999999953e-09 1.848440999999999986e-09 1.787858999999999957e-09 1.740710000000000082e-09 1.704550000000000075e-09 1.677120000000000098e-09 1.656258000000000010e-09 1.640086999999999943e-09 1.627375999999999985e-09 1.617683000000000068e-09 1.611053999999999967e-09 1.607503000000000006e-09 1.606680000000000081e-09 9.312642999999999726e-10 9.238937000000000436e-10 9.059164000000000006e-10 8.646829999999999804e-10 7.897330999999999764e-10 7.055761999999999855e-10 6.270938999999999535e-10 5.585994999999999589e-10 5.008077999999999712e-10 4.529856999999999777e-10 4.138697999999999763e-10 3.820486000000000077e-10 3.561659000000000077e-10 3.350536999999999863e-10 3.177925999999999971e-10 3.036898000000000011e-10 2.922228999999999939e-10 2.829924000000000122e-10 2.756696999999999978e-10 2.699597000000000247e-10 2.656137999999999974e-10 2.624669000000000193e-10 2.604399000000000014e-10 2.594900999999999806e-10 4.527571999999999821e-10 4.483458999999999934e-10 4.378160000000000110e-10 4.139516999999999758e-10 3.708221000000000155e-10 3.223021000000000114e-10 2.768160999999999784e-10 2.367728999999999941e-10 2.026064000000000015e-10 1.739827999999999909e-10 1.502606999999999969e-10 1.306804000000000061e-10 1.144796000000000035e-10 1.009825999999999983e-10 8.965424000000000028e-11 8.011183999999999764e-11 7.210914000000000469e-11 6.548304000000000004e-11 6.007718999999999435e-11 5.571341999999999748e-11 5.222305999999999740e-11 4.948828999999999693e-11 4.745694000000000114e-11 4.611528000000000058e-11 1.725963000000000030e-09 1.704241000000000009e-09 1.657086000000000082e-09 1.557716999999999947e-09 1.384021000000000054e-09 1.188582999999999968e-09 1.003418000000000019e-09 8.382336999999999485e-10 6.952941000000000506e-10 5.736803000000000212e-10 4.710413999999999901e-10 3.844012000000000064e-10 3.106907999999999855e-10 2.472301999999999948e-10 1.920378000000000128e-10 1.438685000000000032e-10 1.019870000000000015e-10 6.578645000000000550e-11 3.455535999999999827e-11 7.499245000000000323e-12 -1.607908999999999909e-11 -3.656990000000000314e-11 -5.400403000000000087e-11 -6.823987000000000415e-11
2.463588000000000103e-06 2.456712999999999851e-06 2.437439000000000178e-06 2.392991999999999992e-06 2.386747000000000190e-06 2.083047999999999847e-06 1.849810999999999940e-06 1.627508999999999913e-06 1.426036999999999947e-06 1.247912000000000064e-06 1.091846000000000075e-06 9.548970000000000835e-07 8.339748999999999830e-07 7.266971999999999700e-07 6.314672000000000364e-07 5.471284000000000224e-07 4.726457000000000062e-07 4.069549000000000146e-07 3.489257000000000074e-07 2.973636999999999855e-07 2.510670999999999996e-07 2.090433000000000042e-07 1.708249999999999961e-07 1.365515000000000035e-07 1.639202000000000122e-07 1.638999000000000130e-07 1.629038999999999954e-07 1.594809999999999972e-07 1.506634999999999912e-07 1.338875999999999925e-07 1.144800999999999955e-07 9.588469000000000175e-08 7.921522999999999881e-08 6.470766999999999354e-08 5.220942000000000271e-08 4.145533000000000226e-08 3.220907000000000322e-08 2.429424999999999932e-08 1.757055000000000112e-08 1.190690999999999978e-08 7.169475999999999903e-09 3.220283000000000097e-09 -8.086535999999999785e-11 -2.869950000000000000e-09 -5.257840000000000116e-09 -7.300252999999999606e-09 -8.991888999999999739e-09 -1.030067999999999963e-08 3.315097000000000138e-09 3.332025000000000185e-09 3.342722000000000030e-09 3.324804999999999873e-09 3.232584000000000053e-09 3.027030000000000041e-09 2.786236999999999960e-09 2.560564000000000134e-09 2.365034000000000086e-09 2.201856999999999958e-09 2.068238000000000070e-09 1.960156999999999852e-09 1.873854000000000134e-09 1.806084000000000068e-09 1.753951999999999942e-09 1.714748999999999989e-09 1.685879000000000067e-09 1.664851999999999908e-09 1.649361000000000091e-09 1.637491999999999912e-09 1.628019999999999926e-09 1.620510000000000022e-09 1.615014999999999928e-09 1.611601999999999911e-09 7.989352999999999842e-10 8.004709000000000053e-10 7.992079000000000273e-10 7.897330999999999764e-10 7.608455999999999560e-10 7.028066000000000285e-10 6.353580999999999796e-10 5.711945999999999871e-10 5.143628999999999630e-10 4.658177000000000426e-10 4.251530000000000000e-10 3.914329000000000060e-10 3.636251999999999842e-10 3.408106000000000204e-10 3.222338999999999847e-10 3.072625000000000027e-10 2.953297000000000105e-10 2.859212999999999813e-10 2.785953000000000006e-10 2.729782000000000180e-10 2.687477000000000190e-10 2.656466000000000099e-10 2.635095999999999789e-10 2.622606999999999979e-10 3.774193999999999902e-10 3.779563999999999957e-10 3.767750000000000250e-10 3.708221000000000155e-10 3.537077000000000027e-10 3.198880999999999823e-10 2.805412999999999957e-10 2.429258999999999934e-10 2.093964999999999913e-10 1.805393999999999939e-10 1.561428000000000039e-10 1.356717999999999874e-10 1.185254999999999905e-10 1.041722000000000040e-10 9.218449000000000558e-11 8.221452000000000459e-11 7.396940999999999955e-11 6.721344000000000163e-11 6.175777999999999981e-11 5.741961000000000155e-11 5.400675000000000068e-11 5.134733999999999838e-11 4.932424000000000229e-11 4.788503000000000240e-11 1.426519999999999950e-09 1.424641000000000064e-09 1.414288000000000069e-09 1.384021000000000054e-09 1.310030000000000076e-09 1.171645000000000042e-09 1.011457999999999921e-09 8.572278999999999986e-10 7.182011000000000005e-10 5.967861999999999921e-10 4.922101999999999595e-10 4.023779000000000132e-10 3.249817000000000235e-10 2.580885000000000234e-10 2.002379000000000009e-10 1.502998000000000014e-10 1.073746999999999989e-10 7.071680000000000337e-11 3.957605000000000159e-11 1.311047000000000038e-11 -9.548262000000000295e-12 -2.913065000000000088e-11 -4.605007999999999960e-11 -6.036567999999999487e-11
2.107385000000000153e-06 2.112909000000000170e-06 2.116260000000000131e-06 2.110239000000000160e-06 2.083047999999999847e-06 2.088200999999999999e-06 1.836185999999999922e-06 1.640848999999999899e-06 1.451519999999999911e-06 1.276939000000000023e-06 1.119354000000000032e-06 9.782501999999999991e-07 8.524417999999999934e-07 7.407994999999999493e-07 6.422616000000000156e-07 5.557143000000000252e-07 4.799548000000000011e-07 4.137280999999999763e-07 3.557768000000000124e-07 3.048614999999999800e-07 2.597619999999999936e-07 2.193123999999999939e-07 1.825757000000000035e-07 1.491071999999999973e-07 1.328318999999999892e-07 1.339437999999999874e-07 1.350954999999999937e-07 1.355184999999999968e-07 1.338875999999999925e-07 1.275644000000000117e-07 1.141800999999999995e-07 9.815574000000000540e-08 8.243769000000000052e-08 6.800771999999999932e-08 5.515158999999999814e-08 4.389261999999999933e-08 3.416641999999999791e-08 2.587030999999999894e-08 1.887517999999999975e-08 1.303438999999999970e-08 8.194503000000000318e-09 4.203915000000000160e-09 9.170654000000000000e-10 -1.804686999999999974e-09 -4.090108999999999736e-09 -6.041922000000000387e-09 -7.710239999999999629e-09 -9.088587000000000226e-09 2.917520999999999980e-09 2.947645999999999811e-09 2.985137000000000173e-09 3.018380999999999981e-09 3.027030000000000041e-09 2.970456000000000066e-09 2.812451000000000052e-09 2.617661000000000149e-09 2.429517999999999881e-09 2.262246999999999995e-09 2.119787000000000054e-09 2.001925999999999896e-09 1.906793999999999816e-09 1.831819999999999988e-09 1.774140999999999943e-09 1.730831999999999922e-09 1.699061999999999938e-09 1.676185000000000039e-09 1.659767999999999929e-09 1.647643999999999941e-09 1.638071999999999924e-09 1.629973000000000033e-09 1.623009999999999961e-09 1.617304999999999928e-09 6.896722000000000371e-10 6.950997000000000166e-10 7.013492000000000166e-10 7.055761999999999855e-10 7.028066000000000285e-10 6.830233000000000023e-10 6.372146999999999626e-10 5.818890999999999650e-10 5.281729999999999710e-10 4.798428000000000338e-10 4.379589000000000167e-10 4.024184999999999789e-10 3.727011000000000045e-10 3.481856999999999881e-10 3.282488999999999892e-10 3.122788000000000115e-10 2.996745999999999776e-10 2.898569999999999949e-10 2.822960999999999947e-10 2.765449000000000197e-10 2.722386999999999814e-10 2.690737000000000239e-10 2.668159999999999811e-10 2.653205000000000249e-10 3.149102000000000134e-10 3.176032000000000060e-10 3.205987000000000088e-10 3.223021000000000114e-10 3.198880999999999823e-10 3.076498999999999862e-10 2.805303999999999849e-10 2.479638999999999920e-10 2.163291999999999947e-10 1.877686999999999877e-10 1.628557999999999992e-10 1.415006999999999930e-10 1.233888000000000051e-10 1.081668000000000007e-10 9.549406999999999520e-11 8.504252000000000506e-11 7.649231999999999410e-11 6.954531000000000187e-11 6.395285000000000007e-11 5.951668000000000121e-11 5.605465999999999816e-11 5.338468000000000109e-11 5.134822000000000231e-11 4.983989999999999971e-11 1.174421999999999980e-09 1.181621999999999913e-09 1.188379000000000079e-09 1.188582999999999968e-09 1.171645000000000042e-09 1.116489999999999936e-09 1.004408000000000033e-09 8.711850000000000268e-10 7.408744000000000033e-10 6.216170999999999751e-10 5.156223000000000342e-10 4.226308000000000146e-10 3.416236999999999956e-10 2.714868000000000245e-10 2.111405000000000114e-10 1.595111999999999951e-10 1.155277999999999973e-10 7.820556000000000306e-11 4.669377000000000087e-11 2.017983000000000046e-11 -2.184553999999999902e-12 -2.123211000000000049e-11 -3.764262999999999831e-11 -5.179639000000000160e-11
1.806627999999999917e-06 1.817841000000000058e-06 1.831897999999999931e-06 1.844790000000000044e-06 1.849810999999999940e-06 1.836185999999999922e-06 1.850413000000000040e-06 1.636857000000000031e-06 1.469278999999999905e-06 1.302920999999999998e-06 1.146183999999999909e-06 1.002562999999999976e-06 8.732652000000000420e-07 7.583317999999999534e-07 6.571098000000000016e-07 5.685291000000000401e-07 4.913095999999999487e-07 4.241060999999999915e-07 3.655947999999999750e-07 3.145179999999999845e-07 2.696889000000000082e-07 2.299731000000000094e-07 1.942988000000000008e-07 1.618159999999999979e-07 1.071583000000000021e-07 1.087236000000000062e-07 1.107913000000000056e-07 1.129469999999999988e-07 1.144800999999999955e-07 1.141800999999999995e-07 1.096509000000000015e-07 9.865343999999999801e-08 8.492306000000000473e-08 7.109184000000000087e-08 5.818355000000000222e-08 4.662612999999999851e-08 3.655279999999999893e-08 2.794011999999999926e-08 2.068124999999999866e-08 1.463004000000000049e-08 9.627775999999999986e-09 5.518143000000000266e-09 2.154356999999999864e-09 -5.996170000000000191e-10 -2.870716000000000161e-09 -4.774625000000000146e-09 -6.402455000000000304e-09 -7.797396000000000771e-09 2.603843000000000104e-09 2.637564000000000178e-09 2.684067000000000095e-09 2.737210999999999803e-09 2.786236999999999960e-09 2.812451000000000052e-09 2.778921000000000066e-09 2.651864000000000015e-09 2.486807999999999794e-09 2.323361000000000038e-09 2.176310999999999807e-09 2.050929000000000167e-09 1.947901000000000179e-09 1.865694999999999935e-09 1.801768000000000059e-09 1.753222999999999995e-09 1.717171999999999992e-09 1.690913000000000032e-09 1.671995999999999982e-09 1.658225000000000030e-09 1.647675000000000103e-09 1.638828999999999904e-09 1.630780999999999934e-09 1.623303000000000097e-09 6.008425999999999658e-10 6.077102000000000259e-10 6.169795000000000199e-10 6.270938999999999535e-10 6.353580999999999796e-10 6.372146999999999626e-10 6.237079999999999931e-10 5.865959999999999873e-10 5.400263000000000049e-10 4.938631999999999743e-10 4.517020000000000186e-10 4.148196999999999774e-10 3.834474000000000029e-10 3.573369000000000236e-10 3.360136000000000214e-10 3.189008999999999818e-10 3.053922999999999753e-10 2.948905000000000065e-10 2.868322999999999898e-10 2.807165000000000097e-10 2.761297999999999950e-10 2.727420999999999778e-10 2.702839000000000245e-10 2.685508000000000152e-10 2.637134999999999910e-10 2.672073999999999990e-10 2.718695999999999893e-10 2.768160999999999784e-10 2.805412999999999957e-10 2.805303999999999849e-10 2.717680999999999975e-10 2.496416000000000223e-10 2.221853999999999915e-10 1.949891999999999939e-10 1.700467000000000049e-10 1.480435999999999974e-10 1.290954000000000059e-10 1.130655999999999968e-10 9.970150000000000204e-11 8.869805000000000009e-11 7.973291000000000503e-11 7.248765000000000042e-11 6.666967999999999709e-11 6.204021999999999755e-11 5.841335999999999618e-11 5.562238000000000154e-11 5.350365000000000295e-11 5.191685999999999695e-11 9.645660000000000790e-10 9.754944000000000678e-10 9.895757000000000862e-10 1.003418000000000019e-09 1.011457999999999921e-09 1.004408000000000033e-09 9.635476999999999358e-10 8.714613000000000086e-10 7.583803000000000141e-10 6.452608999999999798e-10 5.397355999999999823e-10 4.446607999999999892e-10 3.607882999999999772e-10 2.878883000000000015e-10 2.252293999999999967e-10 1.718192000000000109e-10 1.265473000000000103e-10 8.829498000000000512e-11 5.605630000000000137e-11 2.898753000000000058e-11 6.314727000000000382e-12 -1.274320999999999938e-11 -2.894297000000000102e-11 -4.289365999999999961e-11
1.553650999999999967e-06 1.567051999999999943e-06 1.585589000000000024e-06 1.607002000000000085e-06 1.627508999999999913e-06 1.640848999999999899e-06 1.636857000000000031e-06 1.656322999999999922e-06 1.469490000000000012e-06 1.320257999999999989e-06 1.169720999999999943e-06 1.027038000000000068e-06 8.964791999999999480e-07 7.795456999999999816e-07 6.762193000000000047e-07 5.856884999999999575e-07 5.067718000000000486e-07 4.381551000000000136e-07 3.785253999999999783e-07 3.266356999999999845e-07 2.813291000000000095e-07 2.415230999999999771e-07 2.061923999999999929e-07 1.743738000000000126e-07 8.612865000000000408e-08 8.780734000000000255e-08 9.017259000000000449e-08 9.299679999999999799e-08 9.588469000000000175e-08 9.815574000000000540e-08 9.865343999999999801e-08 9.516325999999999342e-08 8.564375999999999874e-08 7.346256000000000610e-08 6.110633999999999394e-08 4.959872999999999960e-08 3.936197999999999894e-08 3.050781999999999981e-08 2.299166999999999904e-08 1.669599999999999942e-08 1.147501999999999994e-08 7.178269999999999863e-09 3.661891999999999869e-09 7.928481000000000220e-10 -1.550320999999999986e-09 -3.480304000000000103e-09 -5.099933000000000322e-09 -6.489291000000000354e-09 2.360516999999999904e-09 2.393256999999999938e-09 2.440193000000000157e-09 2.497960999999999828e-09 2.560564000000000134e-09 2.617661000000000149e-09 2.651864000000000015e-09 2.630059999999999911e-09 2.522241999999999984e-09 2.378355000000000107e-09 2.234985999999999917e-09 2.106205999999999871e-09 1.996965000000000041e-09 1.907752999999999874e-09 1.836964999999999974e-09 1.782127999999999907e-09 1.740532000000000003e-09 1.709540000000000075e-09 1.686736000000000078e-09 1.669949000000000103e-09 1.657252999999999964e-09 1.646975000000000095e-09 1.637805999999999917e-09 1.628992999999999898e-09 5.294359999999999489e-10 5.365190000000000164e-10 5.465418000000000120e-10 5.585994999999999589e-10 5.711945999999999871e-10 5.818890999999999650e-10 5.865959999999999873e-10 5.772334000000000304e-10 5.462052000000000403e-10 5.059418999999999980e-10 4.654564999999999839e-10 4.282786999999999926e-10 3.957891999999999881e-10 3.683003000000000025e-10 3.455941999999999872e-10 3.272053000000000012e-10 3.125720999999999840e-10 3.011162000000000194e-10 2.922825000000000192e-10 2.855560000000000115e-10 2.804852000000000004e-10 2.767019000000000224e-10 2.739148000000000186e-10 2.718878999999999809e-10 2.221261999999999903e-10 2.257339999999999879e-10 2.307835999999999877e-10 2.367728999999999941e-10 2.429258999999999934e-10 2.479638999999999920e-10 2.496416000000000223e-10 2.433789000000000021e-10 2.248575999999999970e-10 2.010935000000000046e-10 1.771820999999999997e-10 1.550981000000000013e-10 1.356113000000000112e-10 1.189018000000000029e-10 1.048600000000000003e-10 9.324102000000000007e-11 8.374724999999999739e-11 7.606985000000000589e-11 6.991046999999999423e-11 6.499986999999999776e-11 6.112127999999999379e-11 5.810859999999999980e-11 5.581467000000000011e-11 5.409454000000000105e-11 7.909224999999999641e-10 8.027711999999999792e-10 8.191328000000000068e-10 8.382336999999999485e-10 8.572278999999999986e-10 8.711850000000000268e-10 8.714613000000000086e-10 8.407070999999999909e-10 7.625046999999999508e-10 6.633126999999999898e-10 5.624603999999999616e-10 4.677336000000000070e-10 3.824051000000000157e-10 3.074627000000000244e-10 2.427216999999999891e-10 1.874184999999999975e-10 1.405361999999999908e-10 1.009778000000000062e-10 6.767214999999999776e-11 3.968033000000000203e-11 1.623269999999999969e-11 -3.368638000000000130e-12 -1.982205999999999925e-11 -3.380246000000000054e-11
1.341249000000000048e-06 1.355004000000000054e-06 1.374744999999999913e-06 1.399169999999999895e-06 1.426036999999999947e-06 1.451519999999999911e-06 1.469278999999999905e-06 1.469490000000000012e-06 1.489284000000000063e-06 1.320960999999999913e-06 1.186027000000000063e-06 1.049929000000000057e-06 9.213321000000000527e-07 8.040873000000000483e-07 6.993906999999999630e-07 6.070666000000000502e-07 5.262683000000000406e-07 4.558622999999999857e-07 3.946333999999999794e-07 3.413896999999999855e-07 2.950053999999999822e-07 2.544432000000000083e-07 2.187356000000000122e-07 1.869590999999999923e-07 6.900285999999999430e-08 7.062665999999999855e-08 7.297778000000000274e-08 7.592214000000000145e-08 7.921522999999999881e-08 8.243769000000000052e-08 8.492306000000000473e-08 8.564375999999999874e-08 8.269205000000000625e-08 7.430153999999999817e-08 6.352653999999999599e-08 5.262045999999999843e-08 4.249761000000000251e-08 3.352130999999999909e-08 2.577775000000000065e-08 1.921823000000000096e-08 1.373346000000000067e-08 9.191855000000000618e-09 5.458953999999999676e-09 2.407445000000000055e-09 -8.003649000000000524e-11 -2.110984000000000121e-09 -3.784943999999999994e-09 -5.192592000000000384e-09 2.174895999999999972e-09 2.204543999999999951e-09 2.247764000000000139e-09 2.302484000000000132e-09 2.365034000000000086e-09 2.429517999999999881e-09 2.486807999999999794e-09 2.522241999999999984e-09 2.507163999999999884e-09 2.414816000000000112e-09 2.289752000000000098e-09 2.164810000000000096e-09 2.052558999999999881e-09 1.957333999999999933e-09 1.879494000000000127e-09 1.817571000000000071e-09 1.769357000000000056e-09 1.732458999999999921e-09 1.704563999999999988e-09 1.683557000000000000e-09 1.667546999999999970e-09 1.654855999999999977e-09 1.644025999999999923e-09 1.633925000000000021e-09 4.725835000000000152e-10 4.792431000000000488e-10 4.888290000000000498e-10 5.008077999999999712e-10 5.143628999999999630e-10 5.281729999999999710e-10 5.400263000000000049e-10 5.462052000000000403e-10 5.394325000000000395e-10 5.128389999999999493e-10 4.776196000000000285e-10 4.420402999999999981e-10 4.093866000000000223e-10 3.809297000000000044e-10 3.569372999999999767e-10 3.371902999999999931e-10 3.212521999999999797e-10 3.086096000000000093e-10 2.987412000000000147e-10 2.911503000000000156e-10 2.853787000000000001e-10 2.810251999999999799e-10 2.777638999999999821e-10 2.753391000000000258e-10 1.885247000000000107e-10 1.918642999999999978e-10 1.966382000000000003e-10 2.026064000000000015e-10 2.093964999999999913e-10 2.163291999999999947e-10 2.221853999999999915e-10 2.248575999999999970e-10 2.201799000000000029e-10 2.042373000000000026e-10 1.833631000000000066e-10 1.622523999999999980e-10 1.427613000000000072e-10 1.256086000000000123e-10 1.109528000000000028e-10 9.868296999999999749e-11 8.856838999999999880e-11 8.033514000000000296e-11 7.370303000000000569e-11 6.840333000000000071e-11 6.419515000000000036e-11 6.088632999999999710e-11 5.833042999999999665e-11 5.639776999999999911e-11 6.475839999999999839e-10 6.588244999999999928e-10 6.749938999999999639e-10 6.952941000000000506e-10 7.182011000000000005e-10 7.408744000000000033e-10 7.583803000000000141e-10 7.625046999999999508e-10 7.375310000000000456e-10 6.687981000000000213e-10 5.804192000000000009e-10 4.903220000000000362e-10 4.058278000000000056e-10 3.299522999999999919e-10 2.635306999999999842e-10 2.063168000000000056e-10 1.575585999999999898e-10 1.162998999999999956e-10 8.153421000000000221e-11 5.229424999999999884e-11 2.773788999999999946e-11 7.182539000000000037e-12 -9.988805999999999837e-12 -2.440110999999999880e-11
1.163044000000000075e-06 1.176204999999999990e-06 1.195421999999999996e-06 1.219848000000000005e-06 1.247912000000000064e-06 1.276939000000000023e-06 1.302920999999999998e-06 1.320257999999999989e-06 1.320960999999999913e-06 1.340332999999999962e-06 1.188407999999999930e-06 1.067605999999999905e-06 9.458418000000000224e-07 8.308321999999999691e-07 7.259679000000000403e-07 6.322788999999999748e-07 5.495897000000000101e-07 4.771424999999999595e-07 4.139331000000000235e-07 3.588807999999999852e-07 3.109283000000000195e-07 2.690769000000000025e-07 2.323985000000000014e-07 2.000300999999999907e-07 5.512221000000000294e-08 5.660960999999999679e-08 5.878405000000000154e-08 6.154398000000000526e-08 6.470766999999999354e-08 6.800771999999999932e-08 7.109184000000000087e-08 7.346256000000000610e-08 7.430153999999999817e-08 7.192458999999999885e-08 6.468519000000000087e-08 5.528558000000000132e-08 4.573750999999999833e-08 3.685741999999999865e-08 2.897226999999999967e-08 2.216300000000000132e-08 1.639034999999999893e-08 1.156027000000000065e-08 7.558697999999999741e-09 4.268349000000000146e-09 1.577347000000000013e-09 -6.174571999999999923e-10 -2.410555000000000058e-09 -3.889921000000000055e-09 2.035863000000000169e-09 2.061434000000000018e-09 2.098786999999999817e-09 2.146364999999999960e-09 2.201856999999999958e-09 2.262246999999999995e-09 2.323361000000000038e-09 2.378355000000000107e-09 2.414816000000000112e-09 2.406718999999999824e-09 2.328838000000000184e-09 2.220603999999999997e-09 2.111476000000000206e-09 2.012809999999999794e-09 1.928613000000000152e-09 1.859326999999999901e-09 1.803744000000000053e-09 1.759977999999999937e-09 1.725963999999999935e-09 1.699696000000000000e-09 1.679332000000000049e-09 1.663221999999999987e-09 1.649894999999999915e-09 1.638066999999999985e-09 4.276933999999999967e-10 4.335594000000000155e-10 4.420851000000000102e-10 4.529856999999999777e-10 4.658177000000000426e-10 4.798428000000000338e-10 4.938631999999999743e-10 5.059418999999999980e-10 5.128389999999999493e-10 5.080563999999999910e-10 4.853019999999999853e-10 4.546143000000000211e-10 4.234631000000000098e-10 3.948210999999999757e-10 3.698406000000000225e-10 3.487693999999999909e-10 3.314206000000000146e-10 3.174122000000000219e-10 3.062933999999999817e-10 2.976046999999999846e-10 2.909068999999999749e-10 2.857934999999999809e-10 2.819082000000000068e-10 2.789633000000000038e-10 1.614215000000000097e-10 1.642844000000000071e-10 1.684984999999999998e-10 1.739827999999999909e-10 1.805393999999999939e-10 1.877686999999999877e-10 1.949891999999999939e-10 2.010935000000000046e-10 2.042373000000000026e-10 2.007166000000000077e-10 1.869681999999999965e-10 1.686882999999999892e-10 1.501297000000000105e-10 1.329757999999999949e-10 1.178788999999999961e-10 1.049846999999999947e-10 9.419748000000000102e-11 8.531399999999999614e-11 7.809207999999999737e-11 7.228358999999999937e-11 6.765038000000000643e-11 6.397811000000000273e-11 6.109627000000000620e-11 5.887652999999999490e-11 5.291431999999999807e-10 5.391574999999999551e-10 5.541372000000000497e-10 5.736803000000000212e-10 5.967861999999999921e-10 6.216170999999999751e-10 6.452608999999999798e-10 6.633126999999999898e-10 6.687981000000000213e-10 6.479657999999999918e-10 5.875820999999999990e-10 5.093449000000000327e-10 4.294583999999999901e-10 3.545175999999999918e-10 2.872219000000000026e-10 2.283116000000000039e-10 1.775636999999999955e-10 1.343094999999999951e-10 9.770337000000000276e-11 6.685232999999999490e-11 4.089918999999999993e-11 1.909901000000000103e-11 8.456337000000000180e-13 -1.440737999999999995e-11
1.013535000000000029e-06 1.025614999999999963e-06 1.043317000000000077e-06 1.065858999999999962e-06 1.091846000000000075e-06 1.119354000000000032e-06 1.146183999999999909e-06 1.169720999999999943e-06 1.186027000000000063e-06 1.188407999999999930e-06 1.209654000000000040e-06 1.073502000000000026e-06 9.662068000000000595e-07 8.575999000000000109e-07 7.546896000000000215e-07 6.606037999999999931e-07 5.763428000000000302e-07 5.018120999999999596e-07 4.363754999999999757e-07 3.791656999999999923e-07 3.292382999999999763e-07 2.856564999999999877e-07 2.475348999999999807e-07 2.140538000000000079e-07 4.391692999999999963e-08 4.522116999999999967e-08 4.711182999999999736e-08 4.948599999999999724e-08 5.220942000000000271e-08 5.515158999999999814e-08 5.818355000000000222e-08 6.110633999999999394e-08 6.352653999999999599e-08 6.468519000000000087e-08 6.298621999999999635e-08 5.684375999999999893e-08 4.866959000000000005e-08 4.028872999999999763e-08 3.245147000000000147e-08 2.546615999999999925e-08 1.941675000000000080e-08 1.427680000000000016e-08 9.968344999999999454e-09 6.393248000000000213e-09 3.449519999999999892e-09 1.039388000000000051e-09 -9.278937000000000297e-10 -2.535913999999999811e-09 1.933766999999999905e-09 1.954586999999999839e-09 1.984687999999999878e-09 2.022918999999999971e-09 2.068238000000000070e-09 2.119787000000000054e-09 2.176310999999999807e-09 2.234985999999999917e-09 2.289752000000000098e-09 2.328838000000000184e-09 2.327676999999999840e-09 2.262178999999999825e-09 2.167685000000000048e-09 2.071043000000000041e-09 1.982780000000000054e-09 1.906761999999999955e-09 1.843581000000000067e-09 1.792301999999999918e-09 1.751340000000000075e-09 1.718921000000000004e-09 1.693297999999999915e-09 1.672861000000000061e-09 1.656151999999999928e-09 1.641859000000000048e-09 3.924417000000000160e-10 3.973133000000000139e-10 4.045046999999999980e-10 4.138697999999999763e-10 4.251530000000000000e-10 4.379589000000000167e-10 4.517020000000000186e-10 4.654564999999999839e-10 4.776196000000000285e-10 4.853019999999999853e-10 4.824962999999999978e-10 4.632435000000000247e-10 4.365432999999999911e-10 4.091817999999999818e-10 3.838864999999999750e-10 3.617394999999999790e-10 3.429995999999999805e-10 3.275258000000000106e-10 3.149948999999999748e-10 3.050153999999999784e-10 2.971833999999999997e-10 2.911104000000000146e-10 2.864352000000000161e-10 2.828399999999999766e-10 1.394977000000000000e-10 1.418514999999999935e-10 1.454507999999999957e-10 1.502606999999999969e-10 1.561428000000000039e-10 1.628557999999999992e-10 1.700467000000000049e-10 1.771820999999999997e-10 1.833631000000000066e-10 1.869681999999999965e-10 1.845914000000000125e-10 1.728676000000000039e-10 1.569076999999999947e-10 1.405764000000000100e-10 1.254172000000000040e-10 1.120408000000000046e-10 1.005965000000000026e-10 9.101157000000000576e-11 8.311306999999999938e-11 7.669044000000000416e-11 7.152488000000000168e-11 6.740472000000000523e-11 6.413941999999999894e-11 6.157703000000000020e-11 4.310357999999999975e-10 4.398757999999999897e-10 4.533262000000000036e-10 4.710413999999999901e-10 4.922101999999999595e-10 5.156223000000000342e-10 5.397355999999999823e-10 5.624603999999999616e-10 5.804192000000000009e-10 5.875820999999999990e-10 5.713011000000000218e-10 5.190307999999999609e-10 4.501929000000000181e-10 3.794704000000000072e-10 3.128823000000000188e-10 2.529308000000000216e-10 2.003436999999999934e-10 1.549710999999999975e-10 1.162483000000000002e-10 8.344261000000000567e-11 5.577069000000000255e-11 3.247039999999999703e-11 1.288060999999999998e-11 -3.532542999999999925e-12
