5.791266000000000263e-06 4.478167999999999710e-06 3.540453999999999815e-06 2.778563999999999813e-06 2.181588000000000093e-06 1.720293999999999906e-06 1.365844000000000064e-06 1.094242999999999960e-06 8.865585000000000305e-07 7.276409999999999973e-07 6.038847000000000341e-07 5.018749999999999594e-07 4.104156000000000186e-07 3.234387999999999779e-07 2.406860000000000153e-07 1.662019000000000028e-07 1.045451999999999983e-07 5.747728000000000234e-08 2.379990999999999914e-08 3.293129000000000133e-07 2.620072000000000090e-07 1.950207000000000067e-07 1.410832000000000043e-07 1.000275000000000002e-07 6.955635999999999988e-08 4.729818000000000220e-08 3.127077999999999859e-08 1.989578000000000096e-08 1.184341000000000057e-08 5.877924000000000350e-09 9.574604000000000451e-10 -3.524454000000000204e-09 -7.679095999999999639e-09 -1.123598000000000073e-08 -1.383477000000000061e-08 -1.533143000000000152e-08 -1.584227000000000055e-08 -1.561004000000000165e-08 6.104921999999999859e-09 5.005987000000000283e-09 3.931337999999999975e-09 3.093031999999999830e-09 2.481358999999999889e-09 2.051842000000000037e-09 1.760424999999999946e-09 1.570671000000000024e-09 1.453133000000000053e-09 1.382985999999999964e-09 1.339541000000000017e-09 1.308139000000000088e-09 1.281632999999999973e-09 1.259727000000000028e-09 1.245808999999999952e-09 1.242657000000000003e-09 1.250070000000000006e-09 1.265286000000000050e-09 1.284581999999999938e-09 1.291756000000000063e-09 1.051963999999999987e-09 8.149195999999999907e-10 6.261182999999999801e-10 4.841000000000000137e-10 3.801097999999999812e-10 3.053429999999999763e-10 2.523296000000000237e-10 2.150289999999999975e-10 1.888022999999999933e-10 1.700412999999999895e-10 1.559811000000000023e-10 1.448382999999999888e-10 1.357473999999999949e-10 1.286241000000000056e-10 1.238556999999999986e-10 1.217435999999999951e-10 1.221426000000000058e-10 1.245273000000000007e-10 1.343794000000000002e-09 1.080852999999999969e-09 8.193034000000000020e-10 6.084839999999999845e-10 4.472055000000000125e-10 3.264019999999999964e-10 2.367932999999999830e-10 1.704447999999999872e-10 1.212219000000000072e-10 8.463322999999999964e-11 5.710695000000000074e-11 3.566996000000000082e-11 1.796687999999999907e-11 2.535001999999999945e-12 -1.094526999999999987e-11 -2.192390999999999882e-11 -2.976351999999999877e-11 -3.434852000000000155e-11 -3.610143000000000160e-11 1.943007000000000175e-09 1.564640000000000089e-09 1.187324999999999930e-09 8.816960999999999617e-10 6.466146999999999509e-10 4.695112999999999646e-10 3.372559999999999984e-10 2.387311999999999810e-10 1.655255000000000091e-10 1.112744999999999940e-10 7.074474999999999499e-11 3.932488999999999845e-11 1.311160999999999930e-11 -1.028856999999999924e-11 -3.133914999999999900e-11 -4.911083999999999918e-11 -6.246431999999999611e-11 -7.099768999999999815e-11 -7.517444000000000133e-11
4.478167999999999710e-06 4.376330999999999723e-06 3.483680000000000077e-06 2.796706999999999819e-06 2.222821000000000075e-06 1.765112999999999985e-06 1.407232000000000090e-06 1.130061999999999998e-06 9.161792999999999909e-07 7.498146000000000258e-07 6.163749000000000462e-07 5.043088000000000351e-07 4.069180999999999835e-07 3.209082000000000148e-07 2.440885000000000221e-07 1.755179000000000049e-07 1.164464000000000044e-07 6.884169999999999896e-08 3.316005000000000317e-08 2.620072000000000090e-07 2.383627999999999909e-07 1.917179999999999966e-07 1.437679999999999941e-07 1.042509999999999983e-07 7.376697999999999501e-08 5.099417999999999771e-08 3.432130000000000307e-08 2.222528999999999863e-08 1.330858000000000038e-08 6.435558999999999738e-09 9.117411999999999658e-10 -3.606826000000000010e-09 -7.339833999999999906e-09 -1.042327000000000013e-08 -1.281762000000000066e-08 -1.438887000000000058e-08 -1.510692999999999841e-08 -1.509558000000000010e-08 5.005987000000000283e-09 4.646323999999999764e-09 3.910434000000000147e-09 3.164607000000000175e-09 2.571167000000000206e-09 2.135315999999999991e-09 1.830304000000000011e-09 1.625120000000000071e-09 1.491127999999999982e-09 1.404326000000000016e-09 1.347338000000000006e-09 1.309369000000000093e-09 1.283872000000000051e-09 1.266802999999999932e-09 1.256610999999999974e-09 1.253740000000000057e-09 1.258639999999999905e-09 1.270258000000000102e-09 1.286149000000000043e-09 1.051963999999999987e-09 9.700607999999999016e-10 8.056511000000000449e-10 6.373955000000000040e-10 5.002482000000000510e-10 3.957794000000000178e-10 3.186919999999999785e-10 2.627844000000000030e-10 2.227007000000000073e-10 1.940820000000000077e-10 1.733370999999999990e-10 1.578041000000000021e-10 1.459593999999999954e-10 1.370706999999999887e-10 1.306503000000000012e-10 1.263972000000000100e-10 1.242630999999999987e-10 1.242188999999999969e-10 1.260096999999999945e-10 1.080852999999999969e-09 9.888413999999998978e-10 8.060954999999999488e-10 6.180230000000000278e-10 4.625649999999999945e-10 3.416497999999999920e-10 2.497906999999999882e-10 1.807368000000000019e-10 1.292160000000000116e-10 9.071034000000000504e-11 6.121690000000000343e-11 3.775778999999999799e-11 1.874349999999999904e-11 3.329042000000000064e-12 -9.190648000000000281e-12 -1.923877999999999974e-11 -2.678304999999999986e-11 -3.165854000000000093e-11 -3.396935999999999895e-11 1.564640000000000089e-09 1.430781000000000004e-09 1.166474999999999945e-09 8.941032999999999600e-10 6.679054000000000043e-10 4.909301000000000106e-10 3.557405999999999885e-10 2.538299000000000108e-10 1.777064999999999953e-10 1.206885999999999920e-10 7.690784000000000281e-11 4.207266000000000058e-11 1.369498999999999999e-11 -9.731661000000000734e-12 -2.928166000000000309e-11 -4.546727999999999930e-11 -5.813501000000000070e-11 -6.692625000000000192e-11 -7.186135999999999461e-11
3.540453999999999815e-06 3.483680000000000077e-06 3.431739999999999944e-06 2.786318999999999792e-06 2.268998000000000159e-06 1.825919000000000060e-06 1.466817999999999946e-06 1.182622000000000093e-06 9.588576999999999133e-07 7.801459000000000110e-07 6.336257999999999483e-07 5.111865000000000227e-07 4.084166000000000018e-07 3.222073000000000241e-07 2.493289999999999955e-07 1.864263999999999997e-07 1.314009999999999998e-07 8.448224999999999537e-08 4.690112999999999932e-08 1.950207000000000067e-07 1.917179999999999966e-07 1.771550999999999926e-07 1.444878999999999977e-07 1.092926999999999950e-07 7.958750999999999372e-08 5.635105000000000219e-08 3.875958000000000276e-08 2.550665999999999885e-08 1.536233000000000148e-08 7.482935999999999356e-09 1.384571000000000016e-09 -3.261461999999999837e-09 -6.767926999999999680e-09 -9.454277000000000438e-09 -1.155359000000000042e-08 -1.310389000000000075e-08 -1.402471999999999993e-08 -1.429795000000000065e-08 3.931337999999999975e-09 3.910434000000000147e-09 3.711612999999999888e-09 3.215328999999999992e-09 2.684412999999999961e-09 2.252527000000000156e-09 1.931750000000000076e-09 1.704129999999999987e-09 1.546105999999999913e-09 1.437696999999999983e-09 1.364949000000000019e-09 1.318470000000000101e-09 1.291076999999999925e-09 1.276468999999999927e-09 1.269561999999999922e-09 1.267655999999999908e-09 1.270344999999999918e-09 1.277752999999999982e-09 1.289065000000000035e-09 8.149195999999999907e-10 8.056511000000000449e-10 7.566195999999999956e-10 6.425640000000000364e-10 5.199474000000000485e-10 4.174100000000000093e-10 3.378558999999999955e-10 2.782380999999999762e-10 2.343579999999999883e-10 2.022059000000000038e-10 1.785644999999999886e-10 1.611814000000000127e-10 1.485310000000000116e-10 1.395705999999999998e-10 1.335207000000000113e-10 1.296963999999999917e-10 1.276324999999999984e-10 1.271716000000000047e-10 1.282451000000000114e-10 8.193034000000000020e-10 8.060954999999999488e-10 7.486582999999999520e-10 6.197580999999999508e-10 4.806595000000000192e-10 3.623942000000000223e-10 2.685245000000000068e-10 1.963018999999999950e-10 1.414452000000000080e-10 9.957565999999999578e-11 6.706867000000000203e-11 4.143936999999999935e-11 2.119979999999999939e-11 5.469203000000000278e-12 -6.566954999999999658e-12 -1.580566999999999964e-11 -2.286724000000000062e-11 -2.788945999999999858e-11 -3.081445999999999752e-11 1.187324999999999930e-09 1.166474999999999945e-09 1.081895000000000016e-09 8.946967000000000047e-10 6.925840000000000353e-10 5.200277000000000032e-10 3.826299000000000210e-10 2.766626999999999860e-10 1.959126000000000003e-10 1.339987000000000017e-10 8.562530999999999959e-11 4.718090000000000144e-11 1.661286000000000117e-11 -7.362994999999999566e-12 -2.606545999999999989e-11 -4.083406999999999990e-11 -5.252836000000000176e-11 -6.130695000000000303e-11 -6.701724000000000131e-11
2.778563999999999813e-06 2.796706999999999819e-06 2.786318999999999792e-06 2.779676000000000015e-06 2.292210999999999931e-06 1.891028999999999932e-06 1.539540999999999902e-06 1.248788999999999920e-06 1.011764000000000059e-06 8.175210999999999975e-07 6.574122000000000480e-07 5.256815000000000211e-07 4.179135999999999975e-07 3.300525999999999759e-07 2.581619999999999793e-07 1.983791999999999901e-07 1.471667000000000071e-07 1.023892999999999942e-07 6.412584999999999978e-08 1.410832000000000043e-07 1.437679999999999941e-07 1.444878999999999977e-07 1.362134999999999908e-07 1.127160000000000016e-07 8.605094000000000146e-08 6.292755000000000155e-08 4.429783000000000273e-08 2.961092000000000056e-08 1.813412000000000065e-08 9.295624000000000242e-09 2.634303000000000018e-09 -2.269213999999999894e-09 -5.807950000000000401e-09 -8.348704999999999451e-09 -1.022177999999999983e-08 -1.165101999999999933e-08 -1.267456999999999959e-08 -1.321912999999999920e-08 3.093031999999999830e-09 3.164607000000000175e-09 3.215328999999999992e-09 3.123119999999999861e-09 2.779424999999999840e-09 2.387014999999999951e-09 2.057373000000000026e-09 1.804446999999999983e-09 1.618492000000000081e-09 1.486386999999999946e-09 1.396612000000000016e-09 1.339412999999999953e-09 1.306307999999999993e-09 1.289809000000000007e-09 1.283403000000000061e-09 1.282134000000000031e-09 1.283503999999999996e-09 1.287231999999999924e-09 1.293621000000000035e-09 6.261182999999999801e-10 6.373955000000000040e-10 6.425640000000000364e-10 6.159225999999999799e-10 5.343841000000000344e-10 4.414915999999999853e-10 3.615586000000000092e-10 2.982749000000000057e-10 2.498639000000000061e-10 2.134228000000000118e-10 1.864019000000000085e-10 1.668055000000000037e-10 1.529888999999999916e-10 1.435400000000000027e-10 1.373426999999999956e-10 1.335554000000000091e-10 1.314991000000000086e-10 1.307432999999999977e-10 1.311564000000000053e-10 6.084839999999999845e-10 6.180230000000000278e-10 6.197580999999999508e-10 5.860619000000000274e-10 4.919905999999999574e-10 3.850253000000000146e-10 2.918318000000000199e-10 2.166336999999999961e-10 1.575292000000000013e-10 1.113203999999999949e-10 7.526599000000000088e-11 4.731287999999999782e-11 2.582301000000000025e-11 9.470358000000000509e-12 -2.750852999999999850e-12 -1.175719999999999922e-11 -1.844743000000000109e-11 -2.341506999999999910e-11 -2.679368999999999950e-11 8.816960999999999617e-10 8.941032999999999600e-10 8.946967000000000047e-10 8.442159000000000439e-10 7.071563999999999549e-10 5.517596000000000434e-10 4.161088999999999836e-10 3.062471000000000084e-10 2.194831000000000069e-10 1.512375999999999969e-10 9.755166000000000360e-11 5.549101000000000187e-11 2.280386999999999944e-11 -2.258162000000000087e-12 -2.115430999999999935e-11 -3.536947000000000075e-11 -4.628291999999999965e-11 -5.474954999999999707e-11 -6.094292000000000383e-11
2.181588000000000093e-06 2.222821000000000075e-06 2.268998000000000159e-06 2.292210999999999931e-06 2.317538999999999852e-06 1.935747000000000188e-06 1.613863999999999978e-06 1.322150999999999939e-06 1.072177999999999901e-06 8.629678000000000176e-07 6.905728000000000148e-07 5.502312000000000361e-07 4.369142000000000015e-07 3.457511999999999944e-07 2.723090000000000067e-07 2.126333999999999908e-07 1.631077000000000041e-07 1.205622000000000021e-07 8.313630999999999702e-08 1.000275000000000002e-07 1.042509999999999983e-07 1.092926999999999950e-07 1.127160000000000016e-07 1.084976999999999935e-07 9.096316999999999991e-08 6.972896999999999894e-08 5.051414999999999973e-08 3.454496999999999967e-08 2.185611999999999917e-08 1.209929999999999936e-08 4.800222999999999917e-09 -5.281758000000000364e-10 -4.330165999999999706e-09 -6.991225999999999614e-09 -8.846752000000000099e-09 -1.018653999999999944e-08 -1.120139000000000075e-08 -1.191534000000000034e-08 2.481358999999999889e-09 2.571167000000000206e-09 2.684412999999999961e-09 2.779424999999999840e-09 2.751332000000000069e-09 2.501121000000000053e-09 2.191977999999999893e-09 1.921753999999999938e-09 1.709811999999999927e-09 1.553934999999999970e-09 1.445515000000000048e-09 1.374604999999999928e-09 1.331787000000000087e-09 1.308855999999999931e-09 1.298877000000000043e-09 1.296094999999999958e-09 1.296284999999999934e-09 1.297457000000000062e-09 1.299607000000000101e-09 4.841000000000000137e-10 5.002482000000000510e-10 5.199474000000000485e-10 5.343841000000000344e-10 5.214364000000000007e-10 4.604585999999999985e-10 3.869160999999999911e-10 3.217799999999999993e-10 2.690250999999999895e-10 2.281569999999999908e-10 1.975316000000000078e-10 1.753052000000000079e-10 1.597116000000000030e-10 1.491571000000000111e-10 1.422799999999999988e-10 1.380415999999999889e-10 1.356906999999999893e-10 1.346443999999999936e-10 1.345504999999999946e-10 4.472055000000000125e-10 4.625649999999999945e-10 4.806595000000000192e-10 4.919905999999999574e-10 4.729952000000000418e-10 4.016711000000000089e-10 3.165745000000000114e-10 2.402772999999999888e-10 1.770173999999999982e-10 1.263324999999999874e-10 8.661283999999999670e-11 5.605067000000000193e-11 3.288521000000000301e-11 1.550406999999999858e-11 2.580223999999999972e-12 -6.861093000000000318e-12 -1.366032999999999941e-11 -1.860794000000000078e-11 -2.220817000000000027e-11 6.466146999999999509e-10 6.679054000000000043e-10 6.925840000000000353e-10 7.071563999999999549e-10 6.783721999999999831e-10 5.747719999999999876e-10 4.513778000000000189e-10 3.402989000000000148e-10 2.476686999999999825e-10 1.729110000000000091e-10 1.138125999999999943e-10 6.788732999999999443e-11 3.269663999999999991e-11 6.012735000000000026e-12 -1.397210999999999952e-11 -2.871015999999999891e-11 -3.958162999999999802e-11 -4.781340999999999831e-11 -5.414022999999999699e-11
1.720293999999999906e-06 1.765112999999999985e-06 1.825919000000000060e-06 1.891028999999999932e-06 1.935747000000000188e-06 1.979897999999999827e-06 1.665971000000000062e-06 1.392355000000000029e-06 1.137750000000000033e-06 9.179439000000000383e-07 7.351368000000000425e-07 5.861712000000000257e-07 4.661224000000000182e-07 3.698817999999999922e-07 2.927877999999999769e-07 2.307885000000000022e-07 1.803844000000000042e-07 1.384228000000000105e-07 1.021542000000000003e-07 6.955635999999999988e-08 7.376697999999999501e-08 7.958750999999999372e-08 8.605094000000000146e-08 9.096316999999999991e-08 8.893102999999999373e-08 7.477690999999999960e-08 5.677350000000000211e-08 4.028202999999999929e-08 2.666656999999999842e-08 1.600955000000000124e-08 7.949146999999999454e-09 2.012335000000000165e-09 -2.256787999999999797e-09 -5.254874999999999599e-09 -7.316668000000000319e-09 -8.729782999999999735e-09 -9.740621999999999619e-09 -1.050847999999999968e-08 2.051842000000000037e-09 2.135315999999999991e-09 2.252527000000000156e-09 2.387014999999999951e-09 2.501121000000000053e-09 2.502735000000000043e-09 2.304433000000000204e-09 2.046952000000000067e-09 1.819573999999999987e-09 1.642201000000000087e-09 1.513512000000000098e-09 1.425518999999999945e-09 1.369020000000000097e-09 1.335563999999999918e-09 1.317993000000000041e-09 1.310381999999999994e-09 1.307871000000000063e-09 1.306955999999999969e-09 1.306107000000000027e-09 3.801097999999999812e-10 3.957794000000000178e-10 4.174100000000000093e-10 4.414915999999999853e-10 4.604585999999999985e-10 4.552589999999999785e-10 4.072814999999999754e-10 3.463638999999999830e-10 2.913754999999999933e-10 2.467067000000000017e-10 2.124013000000000118e-10 1.870834000000000128e-10 1.690466000000000023e-10 1.566588999999999903e-10 1.484852999999999970e-10 1.433278000000000073e-10 1.402909999999999967e-10 1.387402999999999960e-10 1.381903999999999884e-10 3.264019999999999964e-10 3.416497999999999920e-10 3.623942000000000223e-10 3.850253000000000146e-10 4.016711000000000089e-10 3.918857000000000026e-10 3.354000999999999800e-10 2.644103000000000128e-10 1.992912999999999919e-10 1.449513000000000017e-10 1.016647000000000000e-10 6.814478999999999604e-11 4.269795999999999712e-11 2.366157000000000052e-11 9.554966999999999912e-12 -8.092234000000000030e-13 -8.280612000000000542e-12 -1.357807000000000053e-11 -1.737534999999999987e-11 4.695112999999999646e-10 4.909301000000000106e-10 5.200277000000000032e-10 5.517596000000000434e-10 5.747719999999999876e-10 5.597950000000000299e-10 4.777338000000000362e-10 3.746084999999999994e-10 2.794698999999999864e-10 1.994885999999999939e-10 1.352572999999999988e-10 8.508687999999999580e-11 4.664062000000000246e-11 1.757303000000000151e-11 -4.202279000000000375e-12 -2.032620999999999887e-11 -3.207656999999999809e-11 -4.064677999999999899e-11 -4.709069999999999926e-11
1.365844000000000064e-06 1.407232000000000090e-06 1.466817999999999946e-06 1.539540999999999902e-06 1.613863999999999978e-06 1.665971000000000062e-06 1.713102000000000010e-06 1.441345000000000046e-06 1.203097999999999912e-06 9.816349999999999620e-07 7.913774999999999672e-07 6.338478000000000412e-07 5.058370999999999973e-07 4.028024999999999966e-07 3.201984999999999803e-07 2.539604999999999929e-07 2.005876000000000008e-07 1.570600999999999970e-07 1.206500000000000116e-07 4.729818000000000220e-08 5.099417999999999771e-08 5.635105000000000219e-08 6.292755000000000155e-08 6.972896999999999894e-08 7.477690999999999960e-08 7.353864999999999524e-08 6.165940000000000485e-08 4.639976999999999806e-08 3.246463999999999761e-08 2.101747999999999968e-08 1.210088999999999997e-08 5.388004999999999945e-09 4.683506999999999552e-10 -3.048409999999999816e-09 -5.500357999999999588e-09 -7.171711000000000155e-09 -8.307394999999999725e-09 -9.117925000000000233e-09 1.760424999999999946e-09 1.830304000000000011e-09 1.931750000000000076e-09 2.057373000000000026e-09 2.191977999999999893e-09 2.304433000000000204e-09 2.317654000000000194e-09 2.155747000000000000e-09 1.940323999999999802e-09 1.749545000000000083e-09 1.600846999999999983e-09 1.493044999999999987e-09 1.419241999999999968e-09 1.371577000000000009e-09 1.342873999999999968e-09 1.327079999999999930e-09 1.319193999999999901e-09 1.315116000000000073e-09 1.311899999999999988e-09 3.053429999999999763e-10 3.186919999999999785e-10 3.378558999999999955e-10 3.615586000000000092e-10 3.869160999999999911e-10 4.072814999999999754e-10 4.059804000000000015e-10 3.666138999999999907e-10 3.152485999999999902e-10 2.687407999999999908e-10 2.310879000000000029e-10 2.023317999999999930e-10 1.812489000000000057e-10 1.663449000000000022e-10 1.562064000000000118e-10 1.495979999999999884e-10 1.454927999999999941e-10 1.431279000000000037e-10 1.419670000000000020e-10 2.367932999999999830e-10 2.497906999999999882e-10 2.685245000000000068e-10 2.918318000000000199e-10 3.165745000000000114e-10 3.354000999999999800e-10 3.301765999999999928e-10 2.831163999999999903e-10 2.225581999999999998e-10 1.668610999999999947e-10 1.205378000000000012e-10 8.382012999999999859e-11 5.553382000000000257e-11 3.417192999999999937e-11 1.827682999999999938e-11 6.563530999999999773e-12 -1.988620000000000063e-12 -8.101252999999999347e-12 -1.238756999999999989e-11 3.372559999999999984e-10 3.557405999999999885e-10 3.826299000000000210e-10 4.161088999999999836e-10 4.513778000000000189e-10 4.777338000000000362e-10 4.693011999999999924e-10 4.006088999999999855e-10 3.122504000000000057e-10 2.305232999999999881e-10 1.620811999999999924e-10 1.074286999999999968e-10 6.498278999999999962e-11 3.262795999999999984e-11 8.286478999999999471e-12 -9.861394000000000541e-12 -2.322836999999999950e-11 -3.290521000000000010e-11 -3.991826999999999930e-11
1.094242999999999960e-06 1.130061999999999998e-06 1.182622000000000093e-06 1.248788999999999920e-06 1.322150999999999939e-06 1.392355000000000029e-06 1.441345000000000046e-06 1.488774999999999989e-06 1.253344000000000082e-06 1.048255000000000012e-06 8.571089000000000101e-07 6.925441999999999685e-07 5.559915000000000324e-07 4.447702000000000157e-07 3.550330000000000002e-07 2.829061000000000242e-07 2.249058999999999969e-07 1.780202000000000127e-07 1.396322000000000001e-07 3.127077999999999859e-08 3.432130000000000307e-08 3.875958000000000276e-08 4.429783000000000273e-08 5.051414999999999973e-08 5.677350000000000211e-08 6.165940000000000485e-08 6.126912000000000276e-08 5.155496000000000123e-08 3.873834000000000170e-08 2.694272999999999842e-08 1.721432000000000058e-08 9.619604999999999270e-09 3.895835000000000123e-09 -2.996087000000000120e-10 -3.296120999999999892e-09 -5.381168000000000127e-09 -6.797622999999999657e-09 -7.755521999999999929e-09 1.570671000000000024e-09 1.625120000000000071e-09 1.704129999999999987e-09 1.804446999999999983e-09 1.921753999999999938e-09 2.046952000000000067e-09 2.155747000000000000e-09 2.179967000000000150e-09 2.049055999999999919e-09 1.867782000000000158e-09 1.705163000000000060e-09 1.577203999999999923e-09 1.483479999999999927e-09 1.418401999999999999e-09 1.375404999999999967e-09 1.348434000000000102e-09 1.332352000000000074e-09 1.322880000000000089e-09 1.316477999999999970e-09 2.523296000000000237e-10 2.627844000000000030e-10 2.782380999999999762e-10 2.982749000000000057e-10 3.217799999999999993e-10 3.463638999999999830e-10 3.666138999999999907e-10 3.680812000000000048e-10 3.358655999999999925e-10 2.925686000000000230e-10 2.530758000000000247e-10 2.210013999999999933e-10 1.964711999999999894e-10 1.784798000000000013e-10 1.657665999999999888e-10 1.571275999999999889e-10 1.515032000000000058e-10 1.480068000000000022e-10 1.459808999999999989e-10 1.704447999999999872e-10 1.807368000000000019e-10 1.963018999999999950e-10 2.166336999999999961e-10 2.402772999999999888e-10 2.644103000000000128e-10 2.831163999999999903e-10 2.808962999999999909e-10 2.417417000000000090e-10 1.902697999999999937e-10 1.426760999999999898e-10 1.030060000000000060e-10 7.153559999999999904e-11 4.729132999999999777e-11 2.899568000000000070e-11 1.540389999999999902e-11 5.412191000000000359e-12 -1.859501000000000075e-12 -7.030832000000000187e-12 2.387311999999999810e-10 2.538299000000000108e-10 2.766626999999999860e-10 3.062471000000000084e-10 3.402989000000000148e-10 3.746084999999999994e-10 4.006088999999999855e-10 3.962630000000000098e-10 3.387635999999999860e-10 2.634354999999999843e-10 1.934679000000000077e-10 1.347849999999999900e-10 8.789922999999999643e-11 5.148390000000000199e-11 2.373827999999999930e-11 2.884169999999999816e-12 -1.264228999999999984e-11 -2.405561000000000114e-11 -3.229326999999999978e-11
8.865585000000000305e-07 9.161792999999999909e-07 9.588576999999999133e-07 1.011764000000000059e-06 1.072177999999999901e-06 1.137750000000000033e-06 1.203097999999999912e-06 1.253344000000000082e-06 1.305945000000000038e-06 1.102835999999999990e-06 9.260507999999999479e-07 7.598136000000000084e-07 6.158432000000000018e-07 4.958318000000000314e-07 3.977070999999999945e-07 3.182612999999999966e-07 2.541957999999999977e-07 2.025063000000000033e-07 1.605914999999999991e-07 1.989578000000000096e-08 2.222528999999999863e-08 2.550665999999999885e-08 2.961092000000000056e-08 3.454496999999999967e-08 4.028202999999999929e-08 4.639976999999999806e-08 5.155496000000000123e-08 5.208775999999999922e-08 4.417337000000000004e-08 3.327918999999999745e-08 2.312124999999999933e-08 1.468294000000000058e-08 8.063496000000000090e-09 3.057476000000000041e-09 -6.210240000000000260e-10 -3.252325000000000140e-09 -5.082910999999999675e-09 -6.324138000000000232e-09 1.453133000000000053e-09 1.491127999999999982e-09 1.546105999999999913e-09 1.618492000000000081e-09 1.709811999999999927e-09 1.819573999999999987e-09 1.940323999999999802e-09 2.049055999999999919e-09 2.082631000000000188e-09 1.975050000000000123e-09 1.818707000000000097e-09 1.675982999999999960e-09 1.562089999999999928e-09 1.477366999999999909e-09 1.417331000000000014e-09 1.376471000000000013e-09 1.349603000000000101e-09 1.332276999999999948e-09 1.320734999999999989e-09 2.150289999999999975e-10 2.227007000000000073e-10 2.343579999999999883e-10 2.498639000000000061e-10 2.690250999999999895e-10 2.913754999999999933e-10 3.152485999999999902e-10 3.358655999999999925e-10 3.399740999999999789e-10 3.136218999999999838e-10 2.766918000000000081e-10 2.425863999999999762e-10 2.146929000000000042e-10 1.932534000000000029e-10 1.774635000000000045e-10 1.662605999999999873e-10 1.586104000000000068e-10 1.535920000000000007e-10 1.504290999999999888e-10 1.212219000000000072e-10 1.292160000000000116e-10 1.414452000000000080e-10 1.575292000000000013e-10 1.770173999999999982e-10 1.992912999999999919e-10 2.225581999999999998e-10 2.417417000000000090e-10 2.426577000000000088e-10 2.102888999999999902e-10 1.662588999999999882e-10 1.251204000000000015e-10 9.063836999999999924e-11 6.318837000000000614e-11 4.199670999999999786e-11 2.598880000000000090e-11 1.409506999999999923e-11 5.355822000000000037e-12 -9.956611999999999055e-13 1.655255000000000091e-10 1.777064999999999953e-10 1.959126000000000003e-10 2.194831000000000069e-10 2.476686999999999825e-10 2.794698999999999864e-10 3.122504000000000057e-10 3.387635999999999860e-10 3.388926999999999872e-10 2.912247999999999826e-10 2.267481999999999874e-10 1.662607999999999993e-10 1.152489999999999941e-10 7.434713000000000453e-11 4.250436999999999774e-11 1.820655999999999911e-11 -7.275078000000000396e-14 -1.369007000000000005e-11 -2.369727999999999977e-11
7.276409999999999973e-07 7.498146000000000258e-07 7.801459000000000110e-07 8.175210999999999975e-07 8.629678000000000176e-07 9.179439000000000383e-07 9.816349999999999620e-07 1.048255000000000012e-06 1.102835999999999990e-06 1.160888000000000065e-06 9.839658999999999925e-07 8.297372000000000244e-07 6.831968999999999547e-07 5.554463999999999781e-07 4.484281999999999814e-07 3.605702999999999819e-07 2.891799999999999994e-07 2.314331999999999895e-07 1.847379999999999963e-07 1.184341000000000057e-08 1.330858000000000038e-08 1.536233000000000148e-08 1.813412000000000065e-08 2.185611999999999917e-08 2.666656999999999842e-08 3.246463999999999761e-08 3.873834000000000170e-08 4.417337000000000004e-08 4.538380000000000038e-08 3.881291000000000261e-08 2.936551999999999891e-08 2.043897999999999883e-08 1.296708000000000027e-08 7.074477000000000033e-09 2.600242999999999827e-09 -6.964238000000000327e-10 -3.058367999999999835e-09 -4.702337000000000406e-09 1.382985999999999964e-09 1.404326000000000016e-09 1.437696999999999983e-09 1.486386999999999946e-09 1.553934999999999970e-09 1.642201000000000087e-09 1.749545000000000083e-09 1.867782000000000158e-09 1.975050000000000123e-09 2.013335999999999964e-09 1.921497999999999810e-09 1.782537999999999909e-09 1.653575000000000052e-09 1.549156000000000022e-09 1.470197000000000026e-09 1.413052000000000013e-09 1.372996999999999989e-09 1.345490999999999981e-09 1.326579999999999983e-09 1.888022999999999933e-10 1.940820000000000077e-10 2.022059000000000038e-10 2.134228000000000118e-10 2.281569999999999908e-10 2.467067000000000017e-10 2.687407999999999908e-10 2.925686000000000230e-10 3.136218999999999838e-10 3.196600000000000108e-10 2.976992000000000198e-10 2.655618000000000166e-10 2.354911000000000203e-10 2.106996999999999884e-10 1.915231999999999875e-10 1.773140999999999947e-10 1.671644000000000013e-10 1.601720999999999984e-10 1.555261000000000023e-10 8.463322999999999964e-11 9.071034000000000504e-11 9.957565999999999578e-11 1.113203999999999949e-10 1.263324999999999874e-10 1.449513000000000017e-10 1.668610999999999947e-10 1.902697999999999937e-10 2.102888999999999902e-10 2.137740000000000106e-10 1.867166000000000043e-10 1.484774999999999921e-10 1.123358999999999951e-10 8.185082000000000201e-11 5.748476999999999882e-11 3.862250999999999958e-11 2.434801999999999948e-11 1.373181999999999954e-11 5.930936999999999651e-12 1.112744999999999940e-10 1.206885999999999920e-10 1.339987000000000017e-10 1.512375999999999969e-10 1.729110000000000091e-10 1.994885999999999939e-10 2.305232999999999881e-10 2.634354999999999843e-10 2.912247999999999826e-10 2.951969999999999992e-10 2.553345000000000244e-10 1.993598999999999911e-10 1.462397000000000115e-10 1.011517999999999996e-10 6.484492999999999519e-11 3.649167000000000257e-11 1.480543000000000026e-11 -1.536090999999999942e-12 -1.372047999999999971e-11
6.038847000000000341e-07 6.163749000000000462e-07 6.336257999999999483e-07 6.574122000000000480e-07 6.905728000000000148e-07 7.351368000000000425e-07 7.913774999999999672e-07 8.571089000000000101e-07 9.260507999999999479e-07 9.839658999999999925e-07 1.045589999999999928e-06 8.891743000000000478e-07 7.526815999999999681e-07 6.217181999999999668e-07 5.068396999999999748e-07 4.101566000000000161e-07 3.304945000000000085e-07 2.655930000000000146e-07 2.129860999999999910e-07 5.877924000000000350e-09 6.435558999999999738e-09 7.482935999999999356e-09 9.295624000000000242e-09 1.209929999999999936e-08 1.600955000000000124e-08 2.101747999999999968e-08 2.694272999999999842e-08 3.327918999999999745e-08 3.881291000000000261e-08 4.043364999999999758e-08 3.483878999999999773e-08 2.648156000000000052e-08 1.849341000000000056e-08 1.176174999999999942e-08 6.428546000000000064e-09 2.365510999999999939e-09 -6.355133999999999574e-10 -2.790192999999999983e-09 1.339541000000000017e-09 1.347338000000000006e-09 1.364949000000000019e-09 1.396612000000000016e-09 1.445515000000000048e-09 1.513512000000000098e-09 1.600846999999999983e-09 1.705163000000000060e-09 1.818707000000000097e-09 1.921497999999999810e-09 1.960395999999999937e-09 1.878735000000000130e-09 1.751936000000000018e-09 1.632697999999999939e-09 1.534899999999999942e-09 1.459816999999999902e-09 1.404406000000000082e-09 1.364513999999999906e-09 1.336084999999999941e-09 1.700412999999999895e-10 1.733370999999999990e-10 1.785644999999999886e-10 1.864019000000000085e-10 1.975316000000000078e-10 2.124013000000000118e-10 2.310879000000000029e-10 2.530758000000000247e-10 2.766918000000000081e-10 2.976992000000000198e-10 3.048399000000000239e-10 2.860497000000000178e-10 2.575018999999999750e-10 2.304755000000000020e-10 2.080208999999999987e-10 1.905350000000000043e-10 1.774886999999999984e-10 1.680944999999999979e-10 1.615520999999999978e-10 5.710695000000000074e-11 6.121690000000000343e-11 6.706867000000000203e-11 7.526599000000000088e-11 8.661283999999999670e-11 1.016647000000000000e-10 1.205378000000000012e-10 1.426760999999999898e-10 1.662588999999999882e-10 1.867166000000000043e-10 1.919336999999999935e-10 1.688774999999999940e-10 1.351090000000000036e-10 1.028557999999999996e-10 7.549047999999999521e-11 5.353097999999999856e-11 3.648409000000000191e-11 2.356019000000000040e-11 1.393799999999999978e-11 7.074474999999999499e-11 7.690784000000000281e-11 8.562530999999999959e-11 9.755166000000000360e-11 1.138125999999999943e-10 1.352572999999999988e-10 1.620811999999999924e-10 1.934679000000000077e-10 2.267481999999999874e-10 2.553345000000000244e-10 2.619685000000000141e-10 2.280150999999999936e-10 1.786142999999999919e-10 1.312277999999999922e-10 9.076020999999999703e-11 5.803483000000000183e-11 3.239877000000000009e-11 1.274767000000000035e-11 -2.083530999999999879e-12
5.018749999999999594e-07 5.043088000000000351e-07 5.111865000000000227e-07 5.256815000000000211e-07 5.502312000000000361e-07 5.861712000000000257e-07 6.338478000000000412e-07 6.925441999999999685e-07 7.598136000000000084e-07 8.297372000000000244e-07 8.891743000000000478e-07 9.525384999999999900e-07 8.121969999999999505e-07 6.897734999999999528e-07 5.712948999999999629e-07 4.668139999999999871e-07 3.785643000000000039e-07 3.056540999999999841e-07 2.461310000000000220e-07 9.574604000000000451e-10 9.117411999999999658e-10 1.384571000000000016e-09 2.634303000000000018e-09 4.800222999999999917e-09 7.949146999999999454e-09 1.210088999999999997e-08 1.721432000000000058e-08 2.312124999999999933e-08 2.936551999999999891e-08 3.483878999999999773e-08 3.667452999999999826e-08 3.179517999999999897e-08 2.427795000000000135e-08 1.702654999999999969e-08 1.088295999999999940e-08 5.997235000000000332e-09 2.263458000000000147e-09 -5.035054999999999628e-10 1.308139000000000088e-09 1.309369000000000093e-09 1.318470000000000101e-09 1.339412999999999953e-09 1.374604999999999928e-09 1.425518999999999945e-09 1.493044999999999987e-09 1.577203999999999923e-09 1.675982999999999960e-09 1.782537999999999909e-09 1.878735000000000130e-09 1.915677999999999927e-09 1.840630000000000085e-09 1.722667000000000086e-09 1.610648999999999904e-09 1.517757000000000015e-09 1.445467999999999955e-09 1.391172999999999989e-09 1.351165999999999964e-09 1.559811000000000023e-10 1.578041000000000021e-10 1.611814000000000127e-10 1.668055000000000037e-10 1.753052000000000079e-10 1.870834000000000128e-10 2.023317999999999930e-10 2.210013999999999933e-10 2.425863999999999762e-10 2.655618000000000166e-10 2.860497000000000178e-10 2.936670000000000055e-10 2.771675999999999952e-10 2.513529999999999901e-10 2.266739000000000065e-10 2.060245999999999960e-10 1.898400999999999936e-10 1.776784000000000076e-10 1.688423999999999980e-10 3.566996000000000082e-11 3.775778999999999799e-11 4.143936999999999935e-11 4.731287999999999782e-11 5.605067000000000193e-11 6.814478999999999604e-11 8.382012999999999859e-11 1.030060000000000060e-10 1.251204000000000015e-10 1.484774999999999921e-10 1.688774999999999940e-10 1.751358999999999877e-10 1.550973000000000048e-10 1.248285000000000100e-10 9.565515000000000081e-11 7.077530999999999400e-11 5.074192000000000074e-11 3.515172000000000039e-11 2.331012999999999894e-11 3.932488999999999845e-11 4.207266000000000058e-11 4.718090000000000144e-11 5.549101000000000187e-11 6.788732999999999443e-11 8.508687999999999580e-11 1.074286999999999968e-10 1.347849999999999900e-10 1.662607999999999993e-10 1.993598999999999911e-10 2.280150999999999936e-10 2.362871000000000246e-10 2.067920000000000082e-10 1.625308000000000029e-10 1.196781999999999890e-10 8.288636999999999592e-11 5.302534000000000153e-11 2.957010000000000059e-11 1.155498999999999982e-11
4.104156000000000186e-07 4.069180999999999835e-07 4.084166000000000018e-07 4.179135999999999975e-07 4.369142000000000015e-07 4.661224000000000182e-07 5.058370999999999973e-07 5.559915000000000324e-07 6.158432000000000018e-07 6.831968999999999547e-07 7.526815999999999681e-07 8.121969999999999505e-07 8.759837000000000144e-07 7.484146999999999658e-07 6.373510999999999929e-07 5.291185999999999665e-07 4.332709999999999891e-07 3.520748999999999891e-07 2.848451000000000259e-07 -3.524454000000000204e-09 -3.606826000000000010e-09 -3.261461999999999837e-09 -2.269213999999999894e-09 -5.281758000000000364e-10 2.012335000000000165e-09 5.388004999999999945e-09 9.619604999999999270e-09 1.468294000000000058e-08 2.043897999999999883e-08 2.648156000000000052e-08 3.179517999999999897e-08 3.372287999999999843e-08 2.938450000000000084e-08 2.253714000000000020e-08 1.588376000000000141e-08 1.022120000000000023e-08 5.700731999999999831e-09 2.233768999999999920e-09 1.281632999999999973e-09 1.283872000000000051e-09 1.291076999999999925e-09 1.306307999999999993e-09 1.331787000000000087e-09 1.369020000000000097e-09 1.419241999999999968e-09 1.483479999999999927e-09 1.562089999999999928e-09 1.653575000000000052e-09 1.751936000000000018e-09 1.840630000000000085e-09 1.874374999999999951e-09 1.803822000000000102e-09 1.692621999999999907e-09 1.586249999999999977e-09 1.497206000000000010e-09 1.427077000000000075e-09 1.373592000000000027e-09 1.448382999999999888e-10 1.459593999999999954e-10 1.485310000000000116e-10 1.529888999999999916e-10 1.597116000000000030e-10 1.690466000000000023e-10 1.812489000000000057e-10 1.964711999999999894e-10 2.146929000000000042e-10 2.354911000000000203e-10 2.575018999999999750e-10 2.771675999999999952e-10 2.848593000000000215e-10 2.700458000000000189e-10 2.463645999999999828e-10 2.235456000000000123e-10 2.043332999999999989e-10 1.891791999999999902e-10 1.777088000000000047e-10 1.796687999999999907e-11 1.874349999999999904e-11 2.119979999999999939e-11 2.582301000000000025e-11 3.288521000000000301e-11 4.269795999999999712e-11 5.553382000000000257e-11 7.153559999999999904e-11 9.063836999999999924e-11 1.123358999999999951e-10 1.351090000000000036e-10 1.550973000000000048e-10 1.619224999999999907e-10 1.441975000000000079e-10 1.167246000000000045e-10 9.004819000000000386e-11 6.719970999999999862e-11 4.874565000000000243e-11 3.435038000000000251e-11 1.311160999999999930e-11 1.369498999999999999e-11 1.661286000000000117e-11 2.280386999999999944e-11 3.269663999999999991e-11 4.664062000000000246e-11 6.498278999999999962e-11 8.789922999999999643e-11 1.152489999999999941e-10 1.462397000000000115e-10 1.786142999999999919e-10 2.067920000000000082e-10 2.159815000000000001e-10 1.898978999999999880e-10 1.497350000000000004e-10 1.105536999999999990e-10 7.676448000000000290e-11 4.925541999999999895e-11 2.759531000000000068e-11
