6.537021000000000207e-06 5.103164000000000392e-06 4.218387999999999802e-06 3.465408999999999926e-06 2.843401999999999801e-06 2.336458000000000102e-06 1.925741000000000118e-06 1.593845000000000069e-06 1.325954000000000095e-06 1.109890999999999916e-06 9.357947000000000462e-07 7.956589000000000521e-07 6.826326000000000268e-07 5.900652999999999865e-07 5.109246000000000354e-07 4.385272000000000041e-07 3.682346000000000196e-07 2.986986999999999905e-07 2.317474000000000122e-07 1.707533999999999890e-07 1.185354000000000041e-07 7.623439000000000479e-08 4.344219000000000051e-08 1.889758999999999988e-08 3.682596000000000215e-07 3.068680999999999842e-07 2.435410999999999890e-07 1.893483000000000121e-07 1.452453000000000042e-07 1.101649999999999942e-07 8.261365999999999862e-08 6.116550000000000597e-08 4.459881999999999675e-08 3.191165999999999897e-08 2.229231000000000157e-08 1.506213000000000121e-08 9.594329000000000401e-09 5.260209000000000069e-09 1.485213999999999913e-09 -2.115804000000000111e-09 -5.647439000000000189e-09 -8.956109999999999588e-09 -1.177259000000000060e-08 -1.388813000000000010e-08 -1.524240000000000022e-08 -1.590218000000000019e-08 -1.599776000000000163e-08 -1.567214000000000126e-08 6.746111000000000301e-09 5.731862999999999814e-09 4.698620000000000056e-09 3.833506999999999798e-09 3.148748000000000095e-09 2.622316000000000067e-09 2.225846000000000091e-09 1.932940000000000151e-09 1.721276000000000044e-09 1.572612999999999934e-09 1.471952999999999994e-09 1.406367999999999956e-09 1.364148000000000075e-09 1.335030999999999999e-09 1.311400000000000042e-09 1.289390999999999937e-09 1.268919000000000093e-09 1.252275999999999905e-09 1.242042999999999906e-09 1.239546000000000095e-09 1.244464000000000098e-09 1.255265999999999913e-09 1.269897999999999909e-09 1.286328999999999932e-09 1.430909000000000068e-09 1.211116999999999924e-09 9.856365000000000426e-10 7.943724999999999883e-10 6.401263000000000004e-10 5.185857000000000407e-10 4.241120999999999938e-10 3.514435999999999877e-10 2.960952999999999918e-10 2.543069000000000186e-10 2.229086000000000020e-10 1.993075000000000120e-10 1.814568000000000004e-10 1.677286999999999980e-10 1.568239999999999901e-10 1.477484999999999939e-10 1.398804000000000105e-10 1.330579000000000064e-10 1.275042999999999999e-10 1.235647999999999898e-10 1.214398999999999903e-10 1.210761000000000075e-10 1.222160999999999901e-10 1.245094999999999876e-10 1.495895000000000034e-09 1.255856000000000011e-09 1.008617999999999960e-09 7.972847000000000106e-10 6.250364999999999643e-10 4.874582999999999647e-10 3.786843000000000051e-10 2.932035000000000102e-10 2.262587000000000016e-10 1.738073000000000105e-10 1.325478999999999999e-10 9.997938999999999693e-11 7.422698000000000003e-11 5.376054999999999795e-11 3.711989999999999736e-11 2.288908000000000005e-11 1.001292000000000011e-11 -1.905152999999999930e-12 -1.263055999999999945e-11 -2.163951999999999987e-11 -2.851886999999999922e-11 -3.316533999999999851e-11 -3.576092000000000228e-11 -3.664259999999999737e-11 2.161529000000000178e-09 1.816793999999999920e-09 1.461120000000000017e-09 1.155944000000000077e-09 9.061241999999999634e-10 7.057068000000000512e-10 5.465415000000000198e-10 4.208562000000000113e-10 3.218569000000000076e-10 2.438301999999999859e-10 1.822829000000000096e-10 1.338199000000000034e-10 9.578786999999999784e-11 6.583613999999999699e-11 4.154278000000000163e-11 2.058166000000000017e-11 1.281357999999999961e-12 -1.697482000000000097e-11 -3.382656999999999851e-11 -4.843263999999999991e-11 -6.005477000000000261e-11 -6.839772999999999920e-11 -7.361936999999999835e-11 -7.616296999999999409e-11
5.103164000000000392e-06 5.115047000000000394e-06 4.123535000000000323e-06 3.447212999999999939e-06 2.857593999999999800e-06 2.362970999999999911e-06 1.955491000000000129e-06 1.622781000000000057e-06 1.352405000000000098e-06 1.133316000000000035e-06 9.561214999999998970e-07 8.127429999999999873e-07 6.957328000000000425e-07 5.978618000000000523e-07 5.127172000000000087e-07 4.357386000000000131e-07 3.643614000000000111e-07 2.973686000000000255e-07 2.345958000000000075e-07 1.770555999999999989e-07 1.264676999999999884e-07 8.418440999999999963e-08 5.050475999999999755e-08 2.475280999999999902e-08 3.068680999999999842e-07 2.820797000000000188e-07 2.365836999999999932e-07 1.888334000000000026e-07 1.472184000000000102e-07 1.129471999999999964e-07 8.548375000000000603e-08 6.382570999999999879e-08 4.694415999999999808e-08 3.391989000000000000e-08 2.395617000000000083e-08 1.633553000000000056e-08 1.038704000000000015e-08 5.533087000000000251e-09 1.372388999999999943e-09 -2.315613000000000160e-09 -5.636427999999999926e-09 -8.612519999999999951e-09 -1.117317999999999967e-08 -1.319392999999999975e-08 -1.458666999999999922e-08 -1.535321999999999922e-08 -1.557294000000000061e-08 -1.536144999999999890e-08 5.731862999999999814e-09 5.340052999999999695e-09 4.607820999999999819e-09 3.847118000000000032e-09 3.199481000000000110e-09 2.682452000000000199e-09 2.283979999999999799e-09 1.984721000000000058e-09 1.765401000000000033e-09 1.608844999999999938e-09 1.500004999999999930e-09 1.425636000000000018e-09 1.374543999999999922e-09 1.338206000000000042e-09 1.310907999999999957e-09 1.289255999999999916e-09 1.271687999999999962e-09 1.258191000000000086e-09 1.249712000000000037e-09 1.247193999999999943e-09 1.250787000000000057e-09 1.259664999999999910e-09 1.272326000000000058e-09 1.287034000000000087e-09 1.211116999999999924e-09 1.124172000000000076e-09 9.628681000000000201e-10 7.941307000000000440e-10 6.482799000000000290e-10 5.292796000000000341e-10 4.348883000000000108e-10 3.612913000000000012e-10 3.045882000000000256e-10 2.612473000000000208e-10 2.283005999999999871e-10 2.033549000000000119e-10 1.844065999999999885e-10 1.697264000000000075e-10 1.579818999999999919e-10 1.483591999999999957e-10 1.404341999999999947e-10 1.339787999999999913e-10 1.289081999999999923e-10 1.252745000000000103e-10 1.231732000000000116e-10 1.226105000000000079e-10 1.234438999999999918e-10 1.254126999999999913e-10 1.255856000000000011e-09 1.159591000000000034e-09 9.817262999999999375e-10 7.949562999999999714e-10 6.320977000000000102e-10 4.975753000000000033e-10 3.891547999999999743e-10 3.028507000000000097e-10 2.345287000000000154e-10 1.805358000000000095e-10 1.379536000000000095e-10 1.044306000000000054e-10 7.787064999999999879e-11 5.638482000000000046e-11 3.851418999999999990e-11 2.330588000000000126e-11 1.014676000000000068e-11 -1.362326000000000026e-12 -1.138775000000000063e-11 -1.984336000000000038e-11 -2.651283999999999873e-11 -3.125415999999999938e-11 -3.411508999999999696e-11 -3.531691000000000042e-11 1.816793999999999920e-09 1.677618000000000027e-09 1.421027000000000081e-09 1.151353999999999993e-09 9.154019999999999787e-10 7.196852000000000451e-10 5.612274000000000342e-10 4.344493999999999990e-10 3.335734000000000157e-10 2.536061999999999943e-10 1.905037000000000046e-10 1.408302000000000055e-10 1.014741000000000012e-10 6.970768000000000252e-11 4.336737000000000164e-11 2.085581000000000098e-11 1.080918000000000060e-12 -1.659108000000000083e-11 -3.235351000000000034e-11 -4.601054999999999886e-11 -5.717252000000000204e-11 -6.553947000000000487e-11 -7.109173000000000044e-11 -7.409001999999999816e-11
4.218387999999999802e-06 4.123535000000000323e-06 4.127694999999999958e-06 3.390136000000000096e-06 2.864096000000000132e-06 2.395452000000000134e-06 1.996522999999999858e-06 1.664463999999999968e-06 1.391319000000000019e-06 1.168126999999999988e-06 9.862448000000000699e-07 8.374320999999999963e-07 7.137884000000000073e-07 6.084102000000000173e-07 5.163636000000000353e-07 4.348053000000000110e-07 3.621427999999999783e-07 2.970801000000000027e-07 2.382882999999999990e-07 1.848566000000000037e-07 1.368799000000000000e-07 9.525041999999999749e-08 6.076824000000000232e-08 3.350492999999999878e-08 2.435410999999999890e-07 2.365836999999999932e-07 2.189563999999999872e-07 1.853290999999999969e-07 1.489059000000000046e-07 1.165188000000000018e-07 8.950680999999999441e-08 6.769105999999999972e-08 5.041100999999999713e-08 3.689741000000000111e-08 2.638123000000000031e-08 1.812591000000000074e-08 1.149446999999999950e-08 6.033913000000000027e-09 1.480319999999999909e-09 -2.319606999999999887e-09 -5.491543999999999870e-09 -8.161800999999999989e-09 -1.042139999999999960e-08 -1.227706000000000062e-08 -1.366944999999999936e-08 -1.454977000000000072e-08 -1.493050999999999914e-08 -1.488078000000000039e-08 4.698620000000000056e-09 4.607820999999999819e-09 4.345664999999999593e-09 3.820025000000000155e-09 3.253930000000000157e-09 2.762669999999999932e-09 2.366661999999999990e-09 2.060447000000000133e-09 1.830642000000000015e-09 1.662236999999999913e-09 1.540798000000000080e-09 1.453698999999999945e-09 1.391074000000000071e-09 1.346029000000000047e-09 1.313971000000000073e-09 1.291580999999999906e-09 1.276188000000000102e-09 1.265822000000000098e-09 1.259557999999999922e-09 1.257406999999999978e-09 1.259648000000000074e-09 1.266148999999999905e-09 1.276134999999999957e-09 1.288369999999999967e-09 9.856365000000000426e-10 9.628681000000000201e-10 9.021685999999999652e-10 7.839162000000000479e-10 6.560306999999999729e-10 5.432408999999999537e-10 4.500711000000000176e-10 3.755497000000000189e-10 3.169992999999999747e-10 2.715103000000000193e-10 2.364664999999999816e-10 2.095888000000000021e-10 1.888927999999999942e-10 1.727459999999999895e-10 1.599480999999999897e-10 1.497385000000000046e-10 1.416862000000000075e-10 1.354874999999999935e-10 1.308559000000000123e-10 1.275748999999999903e-10 1.255593999999999935e-10 1.248018000000000032e-10 1.252582000000000101e-10 1.267874999999999874e-10 1.008617999999999960e-09 9.817262999999999375e-10 9.129296999999999768e-10 7.809605000000000144e-10 6.378942999999999817e-10 5.105022000000000241e-10 4.037506000000000119e-10 3.166901999999999803e-10 2.466204999999999757e-10 1.906999999999999980e-10 1.463508999999999935e-10 1.111992000000000046e-10 8.304645999999999872e-11 6.001702000000000189e-11 4.077399000000000123e-11 2.457589999999999911e-11 1.102446000000000046e-11 -2.483624999999999931e-13 -9.645318999999999364e-12 -1.746439000000000128e-11 -2.378941000000000132e-11 -2.855352999999999981e-11 -3.170714000000000297e-11 -3.332748000000000210e-11 1.461120000000000017e-09 1.421027000000000081e-09 1.320691999999999931e-09 1.129583000000000069e-09 9.224211000000000460e-10 7.373552999999999756e-10 5.815760000000000398e-10 4.539407999999999820e-10 3.508799999999999815e-10 2.685028000000000171e-10 2.030914000000000004e-10 1.511358999999999930e-10 1.093961999999999955e-10 7.514216000000000462e-11 4.646250000000000241e-11 2.225255999999999863e-11 1.809286999999999942e-12 -1.549589000000000053e-11 -3.024463000000000095e-11 -4.282021999999999826e-11 -5.329960000000000121e-11 -6.154560999999999588e-11 -6.742957999999999671e-11 -7.100222000000000237e-11
3.465408999999999926e-06 3.447212999999999939e-06 3.390136000000000096e-06 3.412170000000000146e-06 2.840080000000000005e-06 2.422431000000000101e-06 2.043178999999999823e-06 1.716136999999999931e-06 1.441364999999999963e-06 1.213512000000000021e-06 1.025199999999999942e-06 8.684421999999999994e-07 7.358960999999999532e-07 6.220352000000000351e-07 5.233805999999999717e-07 4.378043999999999892e-07 3.636898000000000119e-07 2.994260000000000238e-07 2.432339999999999928e-07 1.933200000000000132e-07 1.484229000000000128e-07 1.083270000000000012e-07 7.363557999999999689e-08 4.496220000000000010e-08 1.893483000000000121e-07 1.888334000000000026e-07 1.853290999999999969e-07 1.734400999999999888e-07 1.482299999999999979e-07 1.199034999999999990e-07 9.422333000000000202e-08 7.254725000000000133e-08 5.488927000000000271e-08 4.075255999999999974e-08 2.946456000000000149e-08 2.036890999999999972e-08 1.295800999999999918e-08 6.901255000000000277e-09 1.985175000000000023e-09 -1.957768000000000141e-09 -5.089769999999999889e-09 -7.580840000000000469e-09 -9.596297000000000740e-09 -1.125324000000000032e-08 -1.257962000000000045e-08 -1.353450999999999941e-08 -1.407816000000000011e-08 -1.422051999999999961e-08 3.833506999999999798e-09 3.847118000000000032e-09 3.820025000000000155e-09 3.658099000000000108e-09 3.276146000000000073e-09 2.846471999999999805e-09 2.466291000000000081e-09 2.156522000000000135e-09 1.914966999999999928e-09 1.731306000000000060e-09 1.593512000000000029e-09 1.490924000000000093e-09 1.415368999999999934e-09 1.360934999999999912e-09 1.323192000000000077e-09 1.298445999999999964e-09 1.283318000000000055e-09 1.274741999999999898e-09 1.270352999999999987e-09 1.268911999999999929e-09 1.270198999999999906e-09 1.274381000000000006e-09 1.281371999999999905e-09 1.290576000000000073e-09 7.943724999999999883e-10 7.941307000000000440e-10 7.839162000000000479e-10 7.438820999999999659e-10 6.559093999999999767e-10 5.570197000000000136e-10 4.679964000000000280e-10 3.933711999999999764e-10 3.329470999999999783e-10 2.849932999999999820e-10 2.473819999999999942e-10 2.180092000000000085e-10 1.950449999999999970e-10 1.770685000000000023e-10 1.630387999999999923e-10 1.521770000000000112e-10 1.438913000000000075e-10 1.377345000000000117e-10 1.333213000000000119e-10 1.302946999999999957e-10 1.283934000000000066e-10 1.275016999999999982e-10 1.275946999999999947e-10 1.286310000000000080e-10 7.972847000000000106e-10 7.949562999999999714e-10 7.809605000000000144e-10 7.339990000000000417e-10 6.344446999999999815e-10 5.225014999999999663e-10 4.206246999999999899e-10 3.338518999999999750e-10 2.622701999999999759e-10 2.042723999999999987e-10 1.576739000000000122e-10 1.201855999999999939e-10 8.975388000000000408e-11 6.478001000000000076e-11 4.413383000000000118e-11 2.705631000000000066e-11 1.305671999999999972e-11 1.740411000000000025e-12 -7.343471999999999953e-12 -1.467419000000000131e-11 -2.060625999999999988e-11 -2.527247000000000126e-11 -2.864820000000000065e-11 -3.070434999999999851e-11 1.155944000000000077e-09 1.151353999999999993e-09 1.129583000000000069e-09 1.060465999999999924e-09 9.158219000000000343e-10 7.532969000000000191e-10 6.049356999999999545e-10 4.781921000000000283e-10 3.734219000000000255e-10 2.883656000000000015e-10 2.198437000000000036e-10 1.645267999999999876e-10 1.194269999999999951e-10 8.219844999999999495e-11 5.120351999999999789e-11 2.541331999999999980e-11 4.158899999999999980e-12 -1.319454000000000044e-11 -2.737350999999999854e-11 -3.908444999999999912e-11 -4.882101000000000060e-11 -5.675756999999999925e-11 -6.283616000000000597e-11 -6.697318000000000281e-11
2.843401999999999801e-06 2.857593999999999800e-06 2.864096000000000132e-06 2.840080000000000005e-06 2.881089000000000157e-06 2.423409999999999808e-06 2.085126000000000033e-06 1.772668999999999976e-06 1.499828999999999976e-06 1.267580000000000025e-06 1.071267999999999981e-06 9.046330000000000511e-07 7.621919999999999736e-07 6.400315999999999751e-07 5.354215999999999933e-07 4.461688000000000188e-07 3.702392000000000216e-07 3.056414000000000253e-07 2.503961999999999985e-07 2.025283999999999939e-07 1.602029999999999953e-07 1.221597000000000003e-07 8.813523000000000192e-08 5.865416999999999826e-08 1.452453000000000042e-07 1.472184000000000102e-07 1.489059000000000046e-07 1.482299999999999979e-07 1.405026999999999946e-07 1.212544999999999956e-07 9.875960999999999372e-08 7.796684000000000122e-08 6.013562000000000125e-08 4.531146999999999883e-08 3.310721000000000070e-08 2.308579000000000161e-08 1.489902999999999958e-08 8.281522000000000801e-09 3.007945000000000204e-09 -1.131186999999999973e-09 -4.335913000000000307e-09 -6.797462999999999939e-09 -8.698153000000000331e-09 -1.020205000000000035e-08 -1.142106999999999931e-08 -1.238208000000000032e-08 -1.304820999999999955e-08 -1.338087000000000076e-08 3.148748000000000095e-09 3.199481000000000110e-09 3.253930000000000157e-09 3.276146000000000073e-09 3.184537000000000126e-09 2.901997999999999888e-09 2.567980000000000060e-09 2.265597999999999893e-09 2.014399000000000087e-09 1.814073000000000049e-09 1.657968999999999902e-09 1.538624999999999947e-09 1.449484999999999984e-09 1.385022999999999964e-09 1.340454000000000095e-09 1.311509000000000046e-09 1.294310000000000052e-09 1.285331999999999962e-09 1.281506999999999926e-09 1.280566999999999927e-09 1.281360000000000009e-09 1.283717999999999971e-09 1.287863000000000064e-09 1.293819000000000079e-09 6.401263000000000004e-10 6.482799000000000290e-10 6.560306999999999729e-10 6.559093999999999767e-10 6.306923999999999592e-10 5.639148000000000512e-10 4.854786999999999605e-10 4.132622999999999864e-10 3.517972999999999821e-10 3.014229000000000242e-10 2.609096000000000086e-10 2.286304999999999944e-10 2.030921999999999969e-10 1.830862999999999946e-10 1.676406000000000125e-10 1.559246999999999889e-10 1.472004999999999975e-10 1.408445999999999946e-10 1.363702000000000023e-10 1.333753999999999901e-10 1.315108999999999961e-10 1.305318999999999988e-10 1.303344999999999908e-10 1.309036999999999985e-10 6.250364999999999643e-10 6.320977000000000102e-10 6.378942999999999817e-10 6.344446999999999815e-10 6.032242000000000064e-10 5.263596000000000070e-10 4.364016000000000060e-10 3.528727000000000257e-10 2.808801999999999768e-10 2.209092999999999994e-10 1.716430999999999943e-10 1.312821999999999884e-10 9.818654999999999788e-11 7.107087999999999736e-11 4.893944000000000094e-11 3.096417999999999822e-11 1.644732999999999874e-11 4.845135999999999803e-12 -4.302291999999999779e-12 -1.147382000000000008e-11 -1.714184000000000080e-11 -2.164665999999999856e-11 -2.511716000000000160e-11 -2.752936999999999905e-11 9.061241999999999634e-10 9.154019999999999787e-10 9.224211000000000460e-10 9.158219000000000343e-10 8.693082000000000153e-10 7.572772999999999612e-10 6.265771999999999567e-10 5.051168999999999517e-10 4.002100000000000066e-10 3.125582999999999793e-10 2.402871999999999910e-10 1.808223999999999917e-10 1.317937999999999880e-10 9.133843000000000302e-11 5.803370000000000221e-11 3.074255999999999982e-11 8.557979000000000485e-12 -9.262315000000000807e-12 -2.345183000000000025e-11 -3.478881000000000149e-11 -4.398729000000000088e-11 -5.153462999999999929e-11 -5.760911999999999798e-11 -6.216068000000000004e-11
2.336458000000000102e-06 2.362970999999999911e-06 2.395452000000000134e-06 2.422431000000000101e-06 2.423409999999999808e-06 2.479466000000000055e-06 2.103996999999999805e-06 1.824545000000000037e-06 1.561398999999999965e-06 1.326882000000000089e-06 1.122405999999999999e-06 9.456451000000000137e-07 7.937197999999999523e-07 6.639550999999999842e-07 5.538066000000000087e-07 4.607689999999999883e-07 3.824086999999999903e-07 3.164292999999999839e-07 2.607078000000000232e-07 2.132697000000000002e-07 1.722353000000000097e-07 1.359059999999999995e-07 1.031475000000000043e-07 7.373343000000000064e-08 1.101649999999999942e-07 1.129471999999999964e-07 1.165188000000000018e-07 1.199034999999999990e-07 1.212544999999999956e-07 1.164601000000000040e-07 1.014552999999999940e-07 8.311597999999999488e-08 6.568927999999999673e-08 5.033295999999999862e-08 3.725844999999999969e-08 2.636450000000000093e-08 1.745283999999999947e-08 1.028817000000000047e-08 4.622123999999999785e-09 2.104149999999999915e-10 -3.174654000000000026e-09 -5.738425999999999970e-09 -7.665839000000000581e-09 -9.125669000000000491e-09 -1.026547000000000053e-08 -1.118447000000000036e-08 -1.190364999999999952e-08 -1.238511999999999993e-08 2.622316000000000067e-09 2.682452000000000199e-09 2.762669999999999932e-09 2.846471999999999805e-09 2.901997999999999888e-09 2.857592999999999977e-09 2.642836999999999815e-09 2.373572999999999823e-09 2.122118999999999794e-09 1.908032999999999795e-09 1.734408999999999899e-09 1.598425000000000092e-09 1.495326999999999917e-09 1.419889000000000038e-09 1.366990000000000053e-09 1.331881999999999971e-09 1.310320999999999988e-09 1.298565000000000054e-09 1.293335000000000063e-09 1.291865000000000067e-09 1.292162999999999935e-09 1.293268999999999911e-09 1.295128999999999943e-09 1.298048000000000065e-09 5.185857000000000407e-10 5.292796000000000341e-10 5.432408999999999537e-10 5.570197000000000136e-10 5.639148000000000512e-10 5.487319000000000125e-10 4.965439999999999554e-10 4.324877999999999941e-10 3.722788999999999913e-10 3.201884999999999950e-10 2.768313999999999959e-10 2.415422999999999839e-10 2.133246000000000121e-10 1.911617999999999943e-10 1.740921999999999936e-10 1.612230999999999931e-10 1.517347000000000013e-10 1.448931999999999893e-10 1.400919999999999956e-10 1.368703000000000066e-10 1.348600999999999932e-10 1.337497000000000112e-10 1.333277999999999901e-10 1.335129000000000064e-10 4.874582999999999647e-10 4.975753000000000033e-10 5.105022000000000241e-10 5.225014999999999663e-10 5.263596000000000070e-10 5.058067000000000169e-10 4.448425000000000073e-10 3.709152000000000180e-10 3.010445000000000144e-10 2.398202999999999975e-10 1.878775000000000060e-10 1.444977999999999888e-10 1.086529999999999943e-10 7.932701000000000491e-11 5.556929999999999830e-11 3.648947999999999852e-11 2.126144999999999964e-11 9.169328999999999491e-12 -3.396205000000000067e-13 -7.715108999999999251e-12 -1.340494000000000043e-11 -1.783909000000000129e-11 -2.131893999999999923e-11 -2.395205999999999881e-11 7.057068000000000512e-10 7.196852000000000451e-10 7.373552999999999756e-10 7.532969000000000191e-10 7.572772999999999612e-10 7.263616999999999858e-10 6.376748000000000115e-10 5.305261999999999541e-10 4.290645999999999826e-10 3.398407000000000029e-10 2.638154999999999871e-10 1.999933999999999972e-10 1.469228999999999890e-10 1.031805999999999968e-10 6.744809999999999893e-11 3.849190999999999850e-11 1.517811999999999995e-11 -3.449085000000000141e-12 -1.816788000000000114e-11 -2.970703999999999738e-11 -3.880184999999999950e-11 -4.610889000000000186e-11 -5.206392000000000016e-11 -5.681821999999999738e-11
1.925741000000000118e-06 1.955491000000000129e-06 1.996522999999999858e-06 2.043178999999999823e-06 2.085126000000000033e-06 2.103996999999999805e-06 2.170501999999999857e-06 1.854522999999999989e-06 1.616446000000000100e-06 1.386205999999999913e-06 1.176592000000000084e-06 9.916602999999999506e-07 8.316418000000000189e-07 6.950014000000000125e-07 5.793740999999999761e-07 4.820953000000000063e-07 4.005118999999999880e-07 3.321515000000000080e-07 2.747860999999999753e-07 2.264228000000000044e-07 1.852506999999999927e-07 1.495819000000000035e-07 1.178954999999999985e-07 8.918342999999999671e-08 8.261365999999999862e-08 8.548375000000000603e-08 8.950680999999999441e-08 9.422333000000000202e-08 9.875960999999999372e-08 1.014552999999999940e-07 9.860523000000000237e-08 8.642393000000000433e-08 7.077056999999999418e-08 5.549946999999999715e-08 4.187442999999999971e-08 3.028045000000000166e-08 2.071163000000000161e-08 1.298930999999999927e-08 6.868922999999999607e-09 2.094557000000000132e-09 -1.574252999999999940e-09 -4.352300000000000366e-09 -6.427304999999999861e-09 -7.964632999999999332e-09 -9.114273000000000751e-09 -1.000611000000000072e-08 -1.072552000000000041e-08 -1.128742000000000030e-08 2.225846000000000091e-09 2.283979999999999799e-09 2.366661999999999990e-09 2.466291000000000081e-09 2.567980000000000060e-09 2.642836999999999815e-09 2.626418999999999799e-09 2.454226999999999987e-09 2.226408000000000156e-09 2.009008999999999964e-09 1.822389999999999949e-09 1.671347000000000102e-09 1.554170000000000021e-09 1.466598000000000068e-09 1.403623000000000086e-09 1.360332000000000013e-09 1.332267000000000069e-09 1.315542999999999910e-09 1.306805999999999923e-09 1.303165000000000018e-09 1.302203999999999942e-09 1.302216999999999950e-09 1.302434999999999959e-09 1.302912000000000019e-09 4.241120999999999938e-10 4.348883000000000108e-10 4.500711000000000176e-10 4.679964000000000280e-10 4.854786999999999605e-10 4.965439999999999554e-10 4.878111999999999626e-10 4.457536999999999762e-10 3.918872999999999956e-10 3.401646999999999906e-10 2.947973000000000238e-10 2.568189000000000095e-10 2.259865999999999887e-10 2.015581999999999947e-10 1.826269999999999940e-10 1.682754999999999996e-10 1.576464000000000089e-10 1.499663999999999899e-10 1.445582000000000106e-10 1.408727000000000082e-10 1.384991999999999905e-10 1.371156000000000068e-10 1.364526000000000061e-10 1.363313000000000098e-10 3.786843000000000051e-10 3.891547999999999743e-10 4.037506000000000119e-10 4.206246999999999899e-10 4.364016000000000060e-10 4.448425000000000073e-10 4.316893000000000201e-10 3.822948000000000104e-10 3.199529000000000109e-10 2.596469000000000229e-10 2.058982000000000025e-10 1.598818000000000000e-10 1.214380000000000050e-10 8.987619999999999462e-11 6.431409000000000429e-11 4.383796999999999844e-11 2.757596000000000077e-11 1.473319000000000015e-11 4.636750000000000008e-12 -3.223379999999999943e-12 -9.253994999999999485e-12 -1.385219999999999948e-11 -1.739747999999999869e-11 -2.015222000000000155e-11 5.465415000000000198e-10 5.612274000000000342e-10 5.815760000000000398e-10 6.049356999999999545e-10 6.265771999999999567e-10 6.376748000000000115e-10 6.179199000000000429e-10 5.461949999999999941e-10 4.558455999999999752e-10 3.681787000000000140e-10 2.896717999999999985e-10 2.220708999999999915e-10 1.652259999999999989e-10 1.182265000000000104e-10 7.987439000000000535e-11 4.890462999999999778e-11 2.409319000000000066e-11 4.327376000000000200e-12 -1.131031999999999981e-11 -2.354783999999999915e-11 -3.305048999999999683e-11 -4.047577999999999901e-11 -4.640689999999999848e-11 -5.122568000000000110e-11
1.593845000000000069e-06 1.622781000000000057e-06 1.664463999999999968e-06 1.716136999999999931e-06 1.772668999999999976e-06 1.824545000000000037e-06 1.854522999999999989e-06 1.924771000000000024e-06 1.648859999999999956e-06 1.437825000000000078e-06 1.231073000000000055e-06 1.042353999999999965e-06 8.764487999999999780e-07 7.337194999999999679e-07 6.125157999999999928e-07 5.103953000000000149e-07 4.247379999999999748e-07 3.530355000000000248e-07 2.930070000000000243e-07 2.426300999999999883e-07 2.001269000000000104e-07 1.638818000000000004e-07 1.323867999999999953e-07 1.042905999999999955e-07 6.116550000000000597e-08 6.382570999999999879e-08 6.769105999999999972e-08 7.254725000000000133e-08 7.796684000000000122e-08 8.311597999999999488e-08 8.642393000000000433e-08 8.452839999999999609e-08 7.404978999999999726e-08 6.027404999999999702e-08 4.679028000000000068e-08 3.481252000000000129e-08 2.469432999999999862e-08 1.640757999999999888e-08 9.767680999999999411e-09 4.540103000000000199e-09 4.887710999999999977e-10 -2.603088000000000141e-09 -4.926175000000000104e-09 -6.646563999999999879e-09 -7.909670000000000046e-09 -8.846858000000000801e-09 -9.572453000000000093e-09 -1.016051999999999998e-08 1.932940000000000151e-09 1.984721000000000058e-09 2.060447000000000133e-09 2.156522000000000135e-09 2.265597999999999893e-09 2.373572999999999823e-09 2.454226999999999987e-09 2.450590999999999815e-09 2.305470999999999803e-09 2.108193000000000063e-09 1.918971999999999854e-09 1.756854000000000021e-09 1.626309999999999940e-09 1.525667000000000042e-09 1.450921000000000102e-09 1.397475999999999983e-09 1.360903999999999957e-09 1.337242999999999949e-09 1.323072999999999987e-09 1.315459999999999922e-09 1.311882000000000041e-09 1.310242999999999939e-09 1.309084999999999931e-09 1.307790000000000092e-09 3.514435999999999877e-10 3.612913000000000012e-10 3.755497000000000189e-10 3.933711999999999764e-10 4.132622999999999864e-10 4.324877999999999941e-10 4.457536999999999762e-10 4.410008000000000246e-10 4.058465000000000212e-10 3.592699999999999908e-10 3.140498000000000046e-10 2.743071000000000132e-10 2.411525000000000107e-10 2.144083999999999934e-10 1.933831999999999945e-10 1.772273999999999902e-10 1.650942999999999962e-10 1.562042999999999886e-10 1.498630000000000128e-10 1.454665999999999917e-10 1.425298000000000117e-10 1.406939000000000098e-10 1.396792000000000061e-10 1.392523999999999998e-10 2.932035000000000102e-10 3.028507000000000097e-10 3.166901999999999803e-10 3.338518999999999750e-10 3.528727000000000257e-10 3.709152000000000180e-10 3.822948000000000104e-10 3.739520999999999830e-10 3.323570999999999834e-10 2.780536999999999763e-10 2.248514999999999912e-10 1.772774000000000055e-10 1.366482000000000090e-10 1.028867000000000010e-10 7.534326000000000303e-11 5.317632999999999865e-11 3.552827000000000205e-11 2.159599999999999966e-11 1.065677999999999935e-11 2.105117000000000107e-12 -4.510192999999999905e-12 -9.545738000000000538e-12 -1.335034000000000024e-11 -1.625887000000000098e-11 4.208562000000000113e-10 4.344493999999999990e-10 4.539407999999999820e-10 4.781921000000000283e-10 5.051168999999999517e-10 5.305261999999999541e-10 5.461949999999999941e-10 5.335071999999999876e-10 4.730134999999999817e-10 3.941473999999999763e-10 3.165688999999999841e-10 2.468094000000000142e-10 1.868688000000000020e-10 1.367421999999999882e-10 9.557435000000000301e-11 6.220658999999999374e-11 3.543188999999999959e-11 1.410632999999999973e-11 -2.791123000000000041e-12 -1.609065999999999921e-11 -2.643870999999999974e-11 -3.442353999999999733e-11 -4.062796999999999738e-11 -4.556803999999999695e-11
1.325954000000000095e-06 1.352405000000000098e-06 1.391319000000000019e-06 1.441364999999999963e-06 1.499828999999999976e-06 1.561398999999999965e-06 1.616446000000000100e-06 1.648859999999999956e-06 1.716137999999999958e-06 1.468972999999999928e-06 1.280302999999999920e-06 1.095575000000000094e-06 9.273794000000000304e-07 7.798786000000000229e-07 6.532021000000000466e-07 5.457322999999999825e-07 4.552117999999999761e-07 3.792674000000000256e-07 3.156499000000000053e-07 2.623374999999999891e-07 2.175348000000000111e-07 1.796607000000000068e-07 1.472837000000000075e-07 1.190541999999999994e-07 4.459881999999999675e-08 4.694415999999999808e-08 5.041100999999999713e-08 5.488927000000000271e-08 6.013562000000000125e-08 6.568927999999999673e-08 7.077056999999999418e-08 7.404978999999999726e-08 7.264529000000000609e-08 6.356854000000000391e-08 5.153744999999999805e-08 3.976322999999999732e-08 2.932103000000000127e-08 2.051582999999999863e-08 1.331711999999999961e-08 7.559645999999999188e-09 3.036300999999999853e-09 -4.601333999999999902e-10 -3.120335999999999967e-09 -5.111628000000000249e-09 -6.579292999999999647e-09 -7.651364000000000380e-09 -8.443921999999999330e-09 -9.057464000000000312e-09 1.721276000000000044e-09 1.765401000000000033e-09 1.830642000000000015e-09 1.914966999999999928e-09 2.014399000000000087e-09 2.122118999999999794e-09 2.226408000000000156e-09 2.305470999999999803e-09 2.309472000000000108e-09 2.186594000000000028e-09 2.016004000000000104e-09 1.851633999999999977e-09 1.710594999999999923e-09 1.596925999999999951e-09 1.509181000000000064e-09 1.443857000000000094e-09 1.396930000000000055e-09 1.364532000000000060e-09 1.343198999999999965e-09 1.329942999999999985e-09 1.322202000000000063e-09 1.317773000000000015e-09 1.314817999999999998e-09 1.312065999999999965e-09 2.960952999999999918e-10 3.045882000000000256e-10 3.169992999999999747e-10 3.329470999999999783e-10 3.517972999999999821e-10 3.722788999999999913e-10 3.918872999999999956e-10 4.058465000000000212e-10 4.034051999999999751e-10 3.734073000000000243e-10 3.328499999999999931e-10 2.933227000000000091e-10 2.585946000000000016e-10 2.296780999999999909e-10 2.064118999999999994e-10 1.881753999999999973e-10 1.742112000000000063e-10 1.637681999999999887e-10 1.561558000000000120e-10 1.507601000000000107e-10 1.470477999999999955e-10 1.445905999999999991e-10 1.430737999999999997e-10 1.422528999999999938e-10 2.262587000000000016e-10 2.345287000000000154e-10 2.466204999999999757e-10 2.622701999999999759e-10 2.808801999999999768e-10 3.010445000000000144e-10 3.199529000000000109e-10 3.323570999999999834e-10 3.266147000000000219e-10 2.906229000000000201e-10 2.428789999999999840e-10 1.959698999999999904e-10 1.540549000000000115e-10 1.183298999999999876e-10 8.871221999999999860e-11 6.460703999999999448e-11 4.525553999999999802e-11 2.988933000000000064e-11 1.779178000000000075e-11 8.321750000000000563e-12 9.432743999999999939e-13 -4.740211999999999997e-12 -9.041050999999999499e-12 -1.226873000000000037e-11 3.218569000000000076e-10 3.335734000000000157e-10 3.508799999999999815e-10 3.734219000000000255e-10 4.002100000000000066e-10 4.290645999999999826e-10 4.558455999999999752e-10 4.730134999999999817e-10 4.639960999999999979e-10 4.114143999999999850e-10 3.418159999999999806e-10 2.731767999999999949e-10 2.115291999999999958e-10 1.586916999999999960e-10 1.146286000000000021e-10 7.853847999999999595e-11 4.936122999999999726e-11 2.600688000000000116e-11 7.449695999999999764e-12 -7.218067000000000045e-12 -1.873130000000000037e-11 -2.765925000000000132e-11 -3.452027000000000150e-11 -3.983424999999999740e-11
1.109890999999999916e-06 1.133316000000000035e-06 1.168126999999999988e-06 1.213512000000000021e-06 1.267580000000000025e-06 1.326882000000000089e-06 1.386205999999999913e-06 1.437825000000000078e-06 1.468972999999999928e-06 1.534147999999999901e-06 1.312941000000000030e-06 1.145778999999999953e-06 9.817792999999999430e-07 8.322328000000000273e-07 7.008993000000000378e-07 5.879455000000000021e-07 4.919740999999999743e-07 4.110094000000000196e-07 3.429754000000000074e-07 2.858896999999999980e-07 2.379616999999999940e-07 1.976044999999999878e-07 1.634093999999999995e-07 1.340954000000000058e-07 3.191165999999999897e-08 3.391989000000000000e-08 3.689741000000000111e-08 4.075255999999999974e-08 4.531146999999999883e-08 5.033295999999999862e-08 5.549946999999999715e-08 6.027404999999999702e-08 6.356854000000000391e-08 6.277238000000000321e-08 5.507130999999999684e-08 4.464077999999999854e-08 3.436366000000000001e-08 2.521575999999999855e-08 1.748426999999999964e-08 1.115414999999999999e-08 6.087337000000000069e-09 2.105176999999999833e-09 -9.726734999999999913e-10 -3.312686999999999936e-09 -5.062091000000000154e-09 -6.349117000000000379e-09 -7.286492999999999852e-09 -7.977288000000000050e-09 1.572612999999999934e-09 1.608844999999999938e-09 1.662236999999999913e-09 1.731306000000000060e-09 1.814073000000000049e-09 1.908032999999999795e-09 2.009008999999999964e-09 2.108193000000000063e-09 2.186594000000000028e-09 2.198557000000000187e-09 2.095416000000000160e-09 1.947505999999999995e-09 1.803500999999999933e-09 1.679097999999999902e-09 1.578230999999999945e-09 1.499851000000000056e-09 1.441007000000000047e-09 1.398228000000000023e-09 1.368144999999999932e-09 1.347732000000000077e-09 1.334368999999999903e-09 1.325796000000000082e-09 1.320056000000000058e-09 1.315513000000000067e-09 2.543069000000000186e-10 2.612473000000000208e-10 2.715103000000000193e-10 2.849932999999999820e-10 3.014229000000000242e-10 3.201884999999999950e-10 3.401646999999999906e-10 3.592699999999999908e-10 3.734073000000000243e-10 3.729085999999999751e-10 3.474430999999999973e-10 3.121766999999999835e-10 2.775765000000000082e-10 2.470812000000000091e-10 2.216458999999999904e-10 2.011618000000000115e-10 1.851003000000000044e-10 1.728021999999999908e-10 1.636090999999999887e-10 1.569130000000000040e-10 1.521705000000000072e-10 1.489074000000000042e-10 1.467431000000000079e-10 1.453987000000000089e-10 1.738073000000000105e-10 1.805358000000000095e-10 1.906999999999999980e-10 2.042723999999999987e-10 2.209092999999999994e-10 2.398202999999999975e-10 2.596469000000000229e-10 2.780536999999999763e-10 2.906229000000000201e-10 2.869837999999999970e-10 2.559897000000000202e-10 2.141650000000000044e-10 1.728723000000000028e-10 1.358926000000000101e-10 1.043369000000000055e-10 7.816148999999999879e-11 5.685532999999999701e-11 3.975471000000000318e-11 2.618515000000000056e-11 1.551421000000000039e-11 7.173811999999999644e-12 6.881207999999999571e-13 -4.294847000000000309e-12 -8.050649999999999426e-12 2.438301999999999859e-10 2.536061999999999943e-10 2.685028000000000171e-10 2.883656000000000015e-10 3.125582999999999793e-10 3.398407000000000029e-10 3.681787000000000140e-10 3.941473999999999763e-10 4.114143999999999850e-10 4.052634000000000028e-10 3.597435000000000203e-10 2.986025999999999838e-10 2.380688000000000165e-10 1.836111999999999946e-10 1.368986000000000064e-10 9.792825000000000250e-11 6.600586999999999408e-11 4.020056000000000092e-11 1.955371999999999839e-11 3.158820000000000065e-12 -9.789059999999999488e-12 -1.994016999999999903e-11 -2.779894999999999839e-11 -3.382531000000000140e-11
9.357947000000000462e-07 9.561214999999998970e-07 9.862448000000000699e-07 1.025199999999999942e-06 1.071267999999999981e-06 1.122405999999999999e-06 1.176592000000000084e-06 1.231073000000000055e-06 1.280302999999999920e-06 1.312941000000000030e-06 1.379291000000000039e-06 1.181802999999999932e-06 1.033954999999999996e-06 8.879775000000000248e-07 7.542918999999999702e-07 6.364968000000000009e-07 5.349009999999999800e-07 4.483715000000000256e-07 3.752110000000000105e-07 3.136026000000000106e-07 2.618030999999999973e-07 2.182216000000000117e-07 1.814422000000000019e-07 1.502132999999999995e-07 2.229231000000000157e-08 2.395617000000000083e-08 2.638123000000000031e-08 2.946456000000000149e-08 3.310721000000000070e-08 3.725844999999999969e-08 4.187442999999999971e-08 4.679028000000000068e-08 5.153744999999999805e-08 5.507130999999999684e-08 5.492636000000000057e-08 4.843134999999999778e-08 3.933971999999999699e-08 3.028554000000000293e-08 2.217787999999999993e-08 1.529863000000000138e-08 9.650005000000000323e-09 5.118712000000000222e-09 1.551740999999999967e-09 -1.208488000000000015e-09 -3.308667000000000192e-09 -4.878528000000000299e-09 -6.031854999999999950e-09 -6.870308999999999710e-09 1.471952999999999994e-09 1.500004999999999930e-09 1.540798000000000080e-09 1.593512000000000029e-09 1.657968999999999902e-09 1.734408999999999899e-09 1.822389999999999949e-09 1.918971999999999854e-09 2.016004000000000104e-09 2.095416000000000160e-09 2.114461000000000067e-09 2.027254999999999944e-09 1.897192999999999861e-09 1.768860999999999937e-09 1.656958000000000018e-09 1.565439999999999921e-09 1.493644999999999964e-09 1.439103999999999955e-09 1.398821000000000044e-09 1.369849000000000074e-09 1.349516000000000078e-09 1.335491000000000016e-09 1.325751000000000006e-09 1.318525999999999961e-09 2.229086000000000020e-10 2.283005999999999871e-10 2.364664999999999816e-10 2.473819999999999942e-10 2.609096000000000086e-10 2.768313999999999959e-10 2.947973000000000238e-10 3.140498000000000046e-10 3.328499999999999931e-10 3.474430999999999973e-10 3.488348999999999841e-10 3.272872000000000007e-10 2.964522000000000240e-10 2.658934999999999773e-10 2.388093000000000100e-10 2.161338000000000038e-10 1.978198000000000090e-10 1.834254999999999938e-10 1.723802999999999956e-10 1.641056999999999889e-10 1.580624999999999905e-10 1.537658000000000079e-10 1.507905000000000078e-10 1.487938000000000068e-10 1.325478999999999999e-10 1.379536000000000095e-10 1.463508999999999935e-10 1.576739000000000122e-10 1.716430999999999943e-10 1.878775000000000060e-10 2.058982000000000025e-10 2.248514999999999912e-10 2.428789999999999840e-10 2.559897000000000202e-10 2.545493999999999792e-10 2.280427000000000029e-10 1.913315999999999930e-10 1.547830000000000072e-10 1.219017000000000124e-10 9.376033000000000424e-11 7.036934000000000517e-11 5.130409000000000217e-11 3.599034999999999840e-11 2.383587999999999840e-11 1.428011000000000023e-11 6.814847999999999842e-12 1.014393999999999969e-12 -3.435006999999999805e-12 1.822829000000000096e-10 1.905037000000000046e-10 2.030914000000000004e-10 2.198437000000000036e-10 2.402871999999999910e-10 2.638154999999999871e-10 2.896717999999999985e-10 3.165688999999999841e-10 3.418159999999999806e-10 3.597435000000000203e-10 3.567055999999999950e-10 3.176543999999999903e-10 2.639343999999999938e-10 2.103321000000000093e-10 1.618995000000000001e-10 1.202353999999999972e-10 8.540467999999999753e-11 5.683179999999999781e-11 3.371137000000000159e-11 1.520116999999999994e-11 4.984825000000000421e-13 -1.111558999999999990e-11 -2.022059999999999969e-11 -2.726382999999999895e-11
