4.176981999999999914e-06 3.263080999999999836e-06 2.580693000000000145e-06 2.026506999999999976e-06 1.592286000000000021e-06 1.256695000000000044e-06 9.987499999999999667e-07 8.010094000000000443e-07 6.497167000000000173e-07 5.338696999999999726e-07 4.435861999999999967e-07 3.691193000000000143e-07 3.023319999999999837e-07 2.388153000000000143e-07 1.783826999999999870e-07 1.239766000000000039e-07 7.891243999999999349e-08 4.446961999999999848e-08 1.977545000000000123e-08 2.559568000000000093e-07 2.036418000000000071e-07 1.515757999999999960e-07 1.096534000000000043e-07 7.774437000000000333e-08 5.406263999999999685e-08 3.676457000000000056e-08 2.430937000000000164e-08 1.547013000000000063e-08 9.213232000000000678e-09 4.578149000000000048e-09 7.550349999999999678e-10 -2.727542000000000092e-09 -5.956097000000000014e-09 -8.720381000000000350e-09 -1.074027000000000059e-08 -1.190375999999999985e-08 -1.230117000000000003e-08 -1.212116999999999941e-08 4.693029000000000380e-09 3.849490999999999606e-09 3.024701999999999922e-09 2.381447000000000162e-09 1.912230000000000127e-09 1.582867000000000010e-09 1.359514000000000027e-09 1.214178000000000023e-09 1.124244000000000073e-09 1.070647000000000098e-09 1.037501000000000096e-09 1.013548999999999971e-09 9.933044000000000301e-10 9.765409000000001014e-10 9.658618999999999980e-10 9.634035999999999094e-10 9.690152999999999801e-10 9.805811000000000809e-10 9.952457999999999548e-10 9.467819999999999261e-10 7.717074000000000146e-10 5.986579999999999607e-10 4.608539000000000188e-10 3.572225000000000038e-10 2.813651000000000213e-10 2.268481000000000120e-10 1.882135999999999993e-10 1.610485999999999954e-10 1.419644000000000004e-10 1.283250999999999997e-10 1.181111999999999881e-10 1.100197000000000063e-10 1.034183000000000041e-10 9.824564000000000020e-11 9.478436999999999712e-11 9.325500000000000522e-11 9.355168999999999595e-11 9.529114000000000022e-11 1.053091000000000040e-09 8.470045999999999890e-10 6.420106999999999531e-10 4.767776000000000432e-10 3.503734999999999792e-10 2.556929000000000177e-10 1.854619000000000097e-10 1.334619000000000083e-10 9.488451999999999806e-11 6.620963000000000290e-11 4.463762000000000302e-11 2.783822000000000091e-11 1.396528999999999976e-11 1.872357999999999967e-12 -8.691074000000000737e-12 -1.729388999999999913e-11 -2.343646000000000049e-11 -2.702817999999999884e-11 -2.840018999999999998e-11 1.588921999999999944e-09 1.279512000000000079e-09 9.709597000000000338e-10 7.210254999999999520e-10 5.287795999999999842e-10 3.839437999999999910e-10 2.757820000000000202e-10 1.952030999999999884e-10 1.353290000000000039e-10 9.095544999999999893e-11 5.780277999999999899e-11 3.210014000000000099e-11 1.065559999999999995e-11 -8.488068999999999625e-12 -2.570978999999999924e-11 -4.024955000000000190e-11 -5.117557999999999912e-11 -5.815917000000000168e-11 -6.157934999999999529e-11
3.263080999999999836e-06 3.163497999999999811e-06 2.539628999999999957e-06 2.039703000000000010e-06 1.622207000000000095e-06 1.289209999999999935e-06 1.028774999999999946e-06 8.269954999999999622e-07 6.712099000000000472e-07 5.499615999999999633e-07 4.526475999999999960e-07 3.708745999999999956e-07 2.997786999999999975e-07 2.369694000000000043e-07 1.808552999999999903e-07 1.307510999999999961e-07 8.756658000000000430e-08 5.273334999999999885e-08 2.658278999999999977e-08 2.036418000000000071e-07 1.852648999999999929e-07 1.490101000000000010e-07 1.117412999999999975e-07 8.102789000000000070e-08 5.733582000000000023e-08 3.963755000000000278e-08 2.668050999999999848e-08 1.728077000000000049e-08 1.035197999999999924e-08 5.011426000000000309e-09 7.192618000000000111e-10 -2.791866000000000169e-09 -5.692715000000000230e-09 -8.088979000000000424e-09 -9.949920000000000730e-09 -1.117133000000000055e-08 -1.172978000000000083e-08 -1.172141999999999942e-08 3.849490999999999606e-09 3.573562999999999936e-09 3.008828000000000024e-09 2.436521999999999995e-09 1.981257000000000120e-09 1.646995999999999965e-09 1.413178000000000060e-09 1.255976999999999912e-09 1.153397000000000044e-09 1.087002999999999994e-09 1.043451999999999966e-09 1.014451999999999962e-09 9.949789000000000743e-10 9.819272999999999040e-10 9.741092000000000135e-10 9.718677999999999968e-10 9.755527000000000406e-10 9.843580999999999118e-10 9.964120999999999200e-10 7.717074000000000146e-10 7.119352999999999745e-10 5.919229999999999835e-10 4.691146999999999951e-10 3.690331000000000230e-10 2.928201999999999894e-10 2.366038999999999919e-10 1.958523000000000103e-10 1.666522999999999974e-10 1.458190999999999912e-10 1.307294000000000128e-10 1.194384000000000102e-10 1.108330999999999996e-10 1.043787000000000048e-10 9.971865999999999467e-11 9.663338000000000602e-11 9.508774999999999819e-11 9.506067000000000474e-11 9.636654999999999796e-11 8.470045999999999890e-10 7.748895999999999749e-10 6.316592999999999510e-10 4.842545000000000466e-10 3.624123999999999820e-10 2.676440999999999816e-10 1.956494000000000068e-10 1.415288000000000066e-10 1.011504999999999988e-10 7.097298000000000279e-11 4.785909000000000141e-11 2.947472999999999956e-11 1.457403000000000106e-11 2.494727000000000099e-12 -7.315814000000000799e-12 -1.518928999999999858e-11 -2.110036000000000118e-11 -2.491975000000000072e-11 -2.672903999999999937e-11 1.279512000000000079e-09 1.170044999999999965e-09 9.539049999999999232e-10 7.311677999999999905e-10 5.461871999999999893e-10 4.014569000000000222e-10 2.908963000000000080e-10 2.075489999999999881e-10 1.452893000000000062e-10 9.865327999999999663e-11 6.284224000000000022e-11 3.434683000000000179e-11 1.113250000000000007e-11 -8.032651999999999648e-12 -2.402709000000000036e-11 -3.726968000000000038e-11 -4.763481999999999836e-11 -5.482923000000000103e-11 -5.886954999999999809e-11
2.580693000000000145e-06 2.539628999999999957e-06 2.483150000000000103e-06 2.032261999999999805e-06 1.655731999999999913e-06 1.333327999999999934e-06 1.072003999999999969e-06 8.651294000000000123e-07 7.021768000000000438e-07 5.719677999999999662e-07 4.651563999999999816e-07 3.758522000000000070e-07 3.008540000000000019e-07 2.379055999999999912e-07 1.846611999999999992e-07 1.386818000000000130e-07 9.844135999999999681e-08 6.410766000000000483e-08 3.657691999999999822e-08 1.515757999999999960e-07 1.490101000000000010e-07 1.376924000000000081e-07 1.123024000000000038e-07 8.494770999999999430e-08 6.186057999999999898e-08 4.380160999999999884e-08 3.013036999999999798e-08 1.983126000000000085e-08 1.194816000000000023e-08 5.825273000000000218e-09 1.086437000000000102e-09 -2.523830999999999864e-09 -5.248623000000000147e-09 -7.336226000000000387e-09 -8.967791999999999507e-09 -1.017285999999999955e-08 -1.088884999999999926e-08 -1.110164000000000014e-08 3.024701999999999922e-09 3.008828000000000024e-09 2.856413000000000195e-09 2.475643999999999976e-09 2.068320000000000153e-09 1.737051999999999928e-09 1.491090000000000069e-09 1.316634000000000067e-09 1.195581999999999936e-09 1.112583999999999929e-09 1.056919999999999903e-09 1.021378999999999932e-09 1.000443999999999942e-09 9.892805000000000767e-10 9.839843999999999010e-10 9.824853999999999664e-10 9.844749999999999530e-10 9.900520999999999544e-10 9.985949000000000751e-10 5.986579999999999607e-10 5.919229999999999835e-10 5.561632999999999875e-10 4.729264000000000307e-10 3.834461000000000021e-10 3.086351000000000213e-10 2.506104999999999795e-10 2.071441000000000095e-10 1.751675000000000054e-10 1.517507000000000093e-10 1.345430000000000078e-10 1.218987999999999927e-10 1.127035000000000002e-10 1.061953999999999996e-10 1.018050999999999972e-10 9.903233999999999967e-11 9.753767000000000559e-11 9.720621999999999533e-11 9.798832999999999471e-11 6.420106999999999531e-10 6.316592999999999510e-10 5.866425999999999528e-10 4.856152999999999743e-10 3.765951000000000120e-10 2.839035999999999811e-10 2.103330000000000118e-10 1.537289000000000067e-10 1.107358000000000024e-10 7.792175999999999573e-11 5.244583000000000050e-11 3.236043000000000128e-11 1.649931999999999961e-11 4.172198999999999760e-12 -5.259362999999999629e-12 -1.249841000000000026e-11 -1.803113000000000094e-11 -2.196550999999999896e-11 -2.425618000000000055e-11 9.709597000000000338e-10 9.539049999999999232e-10 8.847346999999999516e-10 7.316477999999999723e-10 5.663637999999999669e-10 4.252482999999999800e-10 3.128826000000000110e-10 2.262188000000000005e-10 1.601761000000000069e-10 1.095368000000000048e-10 6.997033000000000161e-11 3.852368999999999738e-11 1.351838000000000081e-11 -6.095639999999999662e-12 -2.139677000000000153e-11 -3.348039000000000250e-11 -4.304934000000000284e-11 -5.023331000000000176e-11 -5.490750999999999814e-11
2.026506999999999976e-06 2.039703000000000010e-06 2.032261999999999805e-06 2.012464999999999882e-06 1.672649999999999986e-06 1.380584999999999971e-06 1.124769000000000005e-06 9.131365000000000452e-07 7.405603000000000380e-07 5.990770999999999507e-07 4.824030000000000085e-07 3.863587000000000224e-07 3.077387000000000238e-07 2.435976000000000134e-07 1.910765999999999893e-07 1.473694999999999883e-07 1.099050999999999959e-07 7.713124999999999791e-08 4.910600000000000310e-08 1.096534000000000043e-07 1.117412999999999975e-07 1.123024000000000038e-07 1.058724999999999973e-07 8.760992999999999920e-08 6.688532999999999903e-08 4.891385999999999884e-08 3.443529999999999998e-08 2.302136000000000042e-08 1.410239999999999961e-08 7.233888999999999813e-09 2.057386999999999939e-09 -1.753079000000000001e-09 -4.502983999999999719e-09 -6.477414999999999805e-09 -7.933095999999999795e-09 -9.043998000000000805e-09 -9.839751999999999461e-09 -1.026335999999999960e-08 2.381447000000000162e-09 2.436521999999999995e-09 2.475643999999999976e-09 2.405067000000000128e-09 2.141422999999999958e-09 1.840399000000000067e-09 1.587578999999999900e-09 1.393654000000000076e-09 1.251127000000000078e-09 1.149914000000000047e-09 1.081162000000000035e-09 1.037379999999999989e-09 1.012054000000000070e-09 9.994343000000000587e-10 9.945220000000000115e-10 9.935141999999999067e-10 9.944948000000000263e-10 9.972508999999999192e-10 1.002020000000000020e-09 4.608539000000000188e-10 4.691146999999999951e-10 4.729264000000000307e-10 4.535176999999999920e-10 3.940249999999999913e-10 3.262467000000000186e-10 2.679363999999999972e-10 2.217856000000000101e-10 1.864944000000000007e-10 1.599410000000000012e-10 1.402617999999999943e-10 1.259984000000000113e-10 1.159492999999999943e-10 1.090826999999999944e-10 1.045834999999999936e-10 1.018369999999999943e-10 1.003474000000000060e-10 9.980040999999999803e-11 1.001003000000000007e-10 4.767776000000000432e-10 4.842545000000000466e-10 4.856152999999999743e-10 4.592063999999999995e-10 3.854771000000000026e-10 3.016421999999999823e-10 2.286013999999999981e-10 1.696651000000000090e-10 1.233426000000000120e-10 8.712741999999999752e-11 5.887101999999999364e-11 3.696417999999999689e-11 2.012305999999999968e-11 7.308341000000000514e-12 -2.268280000000000105e-12 -9.325206000000000120e-12 -1.456686000000000120e-11 -1.845844000000000107e-11 -2.110464999999999934e-11 7.210254999999999520e-10 7.311677999999999905e-10 7.316477999999999723e-10 6.903611999999999507e-10 5.782749000000000211e-10 4.511927000000000026e-10 3.402567999999999846e-10 2.504090999999999889e-10 1.794491999999999887e-10 1.236325999999999924e-10 7.972227000000000216e-11 4.531875999999999985e-11 1.858087000000000017e-11 -1.921085000000000190e-12 -1.738032999999999891e-11 -2.901111999999999887e-11 -3.794134999999999766e-11 -4.487009000000000273e-11 -4.993927000000000275e-11
1.592286000000000021e-06 1.622207000000000095e-06 1.655731999999999913e-06 1.672649999999999986e-06 1.678464999999999989e-06 1.413093999999999908e-06 1.178711999999999947e-06 9.663639000000000973e-07 7.843840999999999834e-07 6.320377000000000083e-07 5.064512000000000504e-07 4.041644000000000136e-07 3.215244000000000094e-07 2.549936000000000183e-07 2.013522999999999917e-07 1.577286000000000006e-07 1.214952000000000012e-07 9.034836000000000501e-08 6.293530000000000372e-08 7.774437000000000333e-08 8.102789000000000070e-08 8.494770999999999430e-08 8.760992999999999920e-08 8.433258999999999984e-08 7.070464000000000122e-08 5.420114000000000170e-08 3.926739999999999863e-08 2.685647000000000001e-08 1.699516999999999892e-08 9.412716000000000110e-09 3.740393999999999771e-09 -4.003832000000000035e-10 -3.354935999999999963e-09 -5.422874999999999846e-09 -6.864882000000000200e-09 -7.906191999999999782e-09 -8.695113999999999386e-09 -9.250302000000000427e-09 1.912230000000000127e-09 1.981257000000000120e-09 2.068320000000000153e-09 2.141422999999999958e-09 2.120039000000000148e-09 1.928126999999999912e-09 1.690983999999999917e-09 1.483727000000000081e-09 1.321208999999999920e-09 1.201716000000000030e-09 1.118630000000000096e-09 1.064307000000000097e-09 1.031513999999999919e-09 1.013950999999999904e-09 1.006294999999999987e-09 1.004126000000000095e-09 1.004205000000000049e-09 1.005003999999999976e-09 1.006525000000000099e-09 3.572225000000000038e-10 3.690331000000000230e-10 3.834461000000000021e-10 3.940249999999999913e-10 3.846130000000000035e-10 3.401301000000000247e-10 2.864759000000000137e-10 2.389634000000000188e-10 2.004925999999999989e-10 1.707003999999999878e-10 1.483842000000000034e-10 1.321967000000000011e-10 1.208471000000000076e-10 1.131710000000000040e-10 1.081737000000000030e-10 1.050966999999999991e-10 1.033913000000000052e-10 1.026320000000000029e-10 1.025615999999999987e-10 3.503734999999999792e-10 3.624123999999999820e-10 3.765951000000000120e-10 3.854771000000000026e-10 3.705903000000000019e-10 3.146898000000000148e-10 2.479951000000000115e-10 1.881971000000000128e-10 1.386175999999999929e-10 9.889409000000000275e-11 6.776481999999999761e-11 4.381299000000000232e-11 2.565851000000000110e-11 1.203762999999999987e-11 1.910268000000000156e-12 -5.487593000000000162e-12 -1.081469000000000064e-11 -1.469056999999999927e-11 -1.751046000000000009e-11 5.287795999999999842e-10 5.461871999999999893e-10 5.663637999999999669e-10 5.782749000000000211e-10 5.547305999999999910e-10 4.700058000000000191e-10 3.690937000000000052e-10 2.782518000000000007e-10 2.024955999999999919e-10 1.413544999999999951e-10 9.301859000000000583e-11 5.545524000000000029e-11 2.667046000000000064e-11 4.842556000000000030e-12 -1.150666999999999948e-11 -2.356478999999999980e-11 -3.246049000000000197e-11 -3.919702000000000295e-11 -4.437523999999999823e-11
1.256695000000000044e-06 1.289209999999999935e-06 1.333327999999999934e-06 1.380584999999999971e-06 1.413093999999999908e-06 1.434238999999999983e-06 1.216571999999999996e-06 1.017305999999999938e-06 8.319491999999999916e-07 6.719128999999999709e-07 5.387763000000000359e-07 4.302389000000000000e-07 3.427212999999999919e-07 2.725125000000000124e-07 2.162269000000000024e-07 1.709217999999999894e-07 1.340555000000000055e-07 1.033379999999999953e-07 7.677067999999999695e-08 5.406263999999999685e-08 5.733582000000000023e-08 6.186057999999999898e-08 6.688532999999999903e-08 7.070464000000000122e-08 6.912633999999999561e-08 5.812567999999999774e-08 4.413310000000000097e-08 3.131580999999999962e-08 2.073398999999999904e-08 1.245163000000000077e-08 6.187423000000000255e-09 1.573672999999999928e-09 -1.744001000000000087e-09 -4.073901999999999980e-09 -5.676209999999999779e-09 -6.774470000000000078e-09 -7.560196000000000804e-09 -8.157196999999999785e-09 1.582867000000000010e-09 1.646995999999999965e-09 1.737051999999999928e-09 1.840399000000000067e-09 1.928126999999999912e-09 1.929508000000000075e-09 1.777403999999999914e-09 1.579872999999999968e-09 1.405455999999999991e-09 1.269423000000000074e-09 1.170749000000000007e-09 1.103292000000000040e-09 1.059983999999999925e-09 1.034335000000000027e-09 1.020846999999999918e-09 1.014972000000000080e-09 1.012981000000000061e-09 1.012183999999999945e-09 1.011409000000000017e-09 2.813651000000000213e-10 2.928201999999999894e-10 3.086351000000000213e-10 3.262467000000000186e-10 3.401301000000000247e-10 3.363708999999999742e-10 3.013752999999999984e-10 2.569328000000000250e-10 2.168221000000000044e-10 1.842470999999999903e-10 1.592378999999999873e-10 1.407882000000000071e-10 1.276508999999999960e-10 1.186335000000000122e-10 1.126875000000000051e-10 1.089379999999999965e-10 1.067307999999999992e-10 1.056026999999999971e-10 1.051993000000000055e-10 2.556929000000000177e-10 2.676440999999999816e-10 2.839035999999999811e-10 3.016421999999999823e-10 3.146898000000000148e-10 3.070215999999999834e-10 2.627512000000000180e-10 2.071128999999999900e-10 1.560760999999999900e-10 1.134875999999999980e-10 7.956261000000000201e-11 5.329249000000000045e-11 3.334984999999999729e-11 1.843159000000000144e-11 7.377153999999999809e-12 -7.440699999999999789e-13 -6.598006000000000189e-12 -1.074810000000000022e-11 -1.372244000000000024e-11 3.839437999999999910e-10 4.014569000000000222e-10 4.252482999999999800e-10 4.511927000000000026e-10 4.700058000000000191e-10 4.577525000000000175e-10 3.906413000000000084e-10 3.063045000000000045e-10 2.284981000000000011e-10 1.630862000000000060e-10 1.105536000000000058e-10 6.951941000000000457e-11 3.807287999999999922e-11 1.429611999999999947e-11 -3.516930999999999810e-12 -1.670808999999999894e-11 -2.632225999999999855e-11 -3.333538999999999938e-11 -3.860925000000000293e-11
9.987499999999999667e-07 1.028774999999999946e-06 1.072003999999999969e-06 1.124769000000000005e-06 1.178711999999999947e-06 1.216571999999999996e-06 1.241094999999999931e-06 1.052887999999999998e-06 8.793625999999999627e-07 7.181173999999999662e-07 5.795782999999999800e-07 4.648331999999999751e-07 3.715453000000000123e-07 2.964132000000000062e-07 2.361349999999999899e-07 1.877587999999999965e-07 1.487420999999999883e-07 1.168918000000000012e-07 9.022634000000000588e-08 3.676457000000000056e-08 3.963755000000000278e-08 4.380160999999999884e-08 4.891385999999999884e-08 5.420114000000000170e-08 5.812567999999999774e-08 5.716413999999999984e-08 4.793138000000000287e-08 3.607115999999999727e-08 2.524052000000000002e-08 1.634376000000000023e-08 9.413913999999999841e-09 4.196849999999999626e-09 3.734976999999999933e-10 -2.359560000000000070e-09 -4.265103999999999709e-09 -5.564044000000000189e-09 -6.446750000000000304e-09 -7.076842999999999857e-09 1.359514000000000027e-09 1.413178000000000060e-09 1.491090000000000069e-09 1.587578999999999900e-09 1.690983999999999917e-09 1.777403999999999914e-09 1.787651000000000034e-09 1.663440999999999902e-09 1.498148999999999931e-09 1.351780000000000061e-09 1.237710999999999967e-09 1.155024000000000043e-09 1.098415999999999984e-09 1.061848999999999897e-09 1.039809999999999949e-09 1.027654000000000099e-09 1.021539000000000064e-09 1.018318999999999945e-09 1.015734999999999905e-09 2.268481000000000120e-10 2.366038999999999919e-10 2.506104999999999795e-10 2.679363999999999972e-10 2.864759000000000137e-10 3.013752999999999984e-10 3.004564000000000048e-10 2.717414999999999968e-10 2.342666000000000107e-10 2.003401000000000090e-10 1.728794999999999974e-10 1.519137000000000117e-10 1.365476999999999999e-10 1.256895000000000032e-10 1.183063000000000126e-10 1.134956000000000020e-10 1.105070999999999947e-10 1.087837999999999945e-10 1.079340000000000044e-10 1.854619000000000097e-10 1.956494000000000068e-10 2.103330000000000118e-10 2.286013999999999981e-10 2.479951000000000115e-10 2.627512000000000180e-10 2.586585000000000017e-10 2.217753999999999898e-10 1.743129999999999904e-10 1.306607999999999879e-10 9.435547999999999934e-11 6.557896000000000191e-11 4.341074000000000249e-11 2.666972999999999929e-11 1.421347000000000002e-11 5.034790999999999968e-12 -1.666262999999999925e-12 -6.455305999999999999e-12 -9.812966999999999822e-12 2.757820000000000202e-10 2.908963000000000080e-10 3.128826000000000110e-10 3.402567999999999846e-10 3.690937000000000052e-10 3.906413000000000084e-10 3.837400000000000108e-10 3.275615000000000170e-10 2.553007000000000033e-10 1.884621999999999916e-10 1.324871000000000056e-10 8.778842999999999977e-11 5.307182000000000115e-11 2.660740000000000071e-11 6.696230000000000034e-12 -8.149712999999999728e-12 -1.908563999999999904e-11 -2.700353999999999865e-11 -3.274267999999999756e-11
8.010094000000000443e-07 8.269954999999999622e-07 8.651294000000000123e-07 9.131365000000000452e-07 9.663639000000000973e-07 1.017305999999999938e-06 1.052887999999999998e-06 1.078560000000000097e-06 9.158543000000000194e-07 7.664614999999999841e-07 6.272735000000000218e-07 5.074275999999999611e-07 4.079477000000000181e-07 3.268814000000000222e-07 2.614328000000000247e-07 2.087880999999999954e-07 1.664176000000000065e-07 1.321334000000000045e-07 1.040354000000000000e-07 2.430937000000000164e-08 2.668050999999999848e-08 3.013036999999999798e-08 3.443529999999999998e-08 3.926739999999999863e-08 4.413310000000000097e-08 4.793138000000000287e-08 4.762864000000000025e-08 4.007847999999999745e-08 3.011687999999999909e-08 2.094899000000000129e-08 1.338792999999999970e-08 7.485328999999999516e-09 3.036898999999999813e-09 -2.236952999999999885e-10 -2.552500999999999931e-09 -4.172961000000000351e-09 -5.273851999999999750e-09 -6.018425000000000338e-09 1.214178000000000023e-09 1.255976999999999912e-09 1.316634000000000067e-09 1.393654000000000076e-09 1.483727000000000081e-09 1.579872999999999968e-09 1.663440999999999902e-09 1.682087000000000004e-09 1.581628999999999936e-09 1.442508999999999904e-09 1.317712999999999914e-09 1.219523000000000070e-09 1.147602000000000066e-09 1.097654000000000064e-09 1.064635999999999921e-09 1.043896999999999957e-09 1.031491999999999937e-09 1.024137000000000017e-09 1.019114000000000044e-09 1.882135999999999993e-10 1.958523000000000103e-10 2.071441000000000095e-10 2.217856000000000101e-10 2.389634000000000188e-10 2.569328000000000250e-10 2.717414999999999968e-10 2.728371999999999975e-10 2.493365999999999908e-10 2.177454000000000048e-10 1.889331999999999996e-10 1.655378000000000009e-10 1.476493000000000115e-10 1.345327000000000073e-10 1.252664999999999934e-10 1.189709000000000063e-10 1.148716000000000058e-10 1.123212000000000009e-10 1.108394000000000045e-10 1.334619000000000083e-10 1.415288000000000066e-10 1.537289000000000067e-10 1.696651000000000090e-10 1.881971000000000128e-10 2.071128999999999900e-10 2.217753999999999898e-10 2.200364999999999928e-10 1.893495999999999993e-10 1.490087999999999901e-10 1.117076999999999983e-10 8.061700000000000192e-11 5.595308999999999822e-11 3.695286000000000214e-11 2.261504000000000135e-11 1.196400000000000032e-11 4.134595999999999884e-12 -1.562937000000000088e-12 -5.614287000000000188e-12 1.952030999999999884e-10 2.075489999999999881e-10 2.262188000000000005e-10 2.504090999999999889e-10 2.782518000000000007e-10 3.063045000000000045e-10 3.275615000000000170e-10 3.240026000000000201e-10 2.769776000000000197e-10 2.153728999999999956e-10 1.581515000000000044e-10 1.101579000000000002e-10 7.181120999999999608e-11 4.202685999999999931e-11 1.933238999999999938e-11 2.273750999999999850e-12 -1.042784999999999943e-11 -1.976554999999999993e-11 -2.650597000000000080e-11
6.497167000000000173e-07 6.712099000000000472e-07 7.021768000000000438e-07 7.405603000000000380e-07 7.843840999999999834e-07 8.319491999999999916e-07 8.793625999999999627e-07 9.158543000000000194e-07 9.460186999999999927e-07 8.061041999999999874e-07 6.773114999999999568e-07 5.562487999999999563e-07 4.513900000000000205e-07 3.639508000000000167e-07 2.924214000000000168e-07 2.344707999999999981e-07 1.877028000000000124e-07 1.499359000000000079e-07 1.192809000000000024e-07 1.547013000000000063e-08 1.728077000000000049e-08 1.983126000000000085e-08 2.302136000000000042e-08 2.685647000000000001e-08 3.131580999999999962e-08 3.607115999999999727e-08 4.007847999999999745e-08 4.049297000000000105e-08 3.434149999999999685e-08 2.587397000000000097e-08 1.797881000000000070e-08 1.142033999999999988e-08 6.275639999999999641e-09 2.384969999999999882e-09 -4.739264000000000272e-10 -2.518948999999999963e-09 -3.941690000000000272e-09 -4.906428999999999663e-09 1.124244000000000073e-09 1.153397000000000044e-09 1.195581999999999936e-09 1.251127000000000078e-09 1.321208999999999920e-09 1.405455999999999991e-09 1.498148999999999931e-09 1.581628999999999936e-09 1.607415999999999984e-09 1.524829000000000091e-09 1.404808999999999920e-09 1.295248999999999939e-09 1.207820000000000075e-09 1.142774999999999913e-09 1.096666999999999973e-09 1.065261000000000009e-09 1.044577000000000000e-09 1.031196000000000086e-09 1.022235000000000038e-09 1.610485999999999954e-10 1.666522999999999974e-10 1.751675000000000054e-10 1.864944000000000007e-10 2.004925999999999989e-10 2.168221000000000044e-10 2.342666000000000107e-10 2.493365999999999908e-10 2.523537000000000030e-10 2.331273999999999988e-10 2.061779000000000083e-10 1.812919000000000127e-10 1.609415000000000020e-10 1.453023999999999945e-10 1.337858999999999960e-10 1.256154999999999888e-10 1.200352000000000013e-10 1.163723000000000041e-10 1.140596999999999996e-10 9.488451999999999806e-11 1.011504999999999988e-10 1.107358000000000024e-10 1.233426000000000120e-10 1.386175999999999929e-10 1.560760999999999900e-10 1.743129999999999904e-10 1.893495999999999993e-10 1.900686999999999953e-10 1.647001999999999965e-10 1.301920999999999893e-10 9.795048999999999373e-11 7.092601000000000466e-11 4.941312999999999788e-11 3.280540000000000156e-11 2.026057999999999847e-11 1.094035999999999924e-11 4.092533999999999614e-12 -8.838423000000000133e-13 1.353290000000000039e-10 1.452893000000000062e-10 1.601761000000000069e-10 1.794491999999999887e-10 2.024955999999999919e-10 2.284981000000000011e-10 2.553007000000000033e-10 2.769776000000000197e-10 2.770786999999999874e-10 2.380939999999999845e-10 1.853638999999999962e-10 1.358956000000000099e-10 9.417570000000000391e-11 6.072312999999999553e-11 3.467872000000000109e-11 1.480436999999999905e-11 -1.480846999999999981e-13 -1.128789000000000069e-11 -1.947521000000000098e-11
5.338696999999999726e-07 5.499615999999999633e-07 5.719677999999999662e-07 5.990770999999999507e-07 6.320377000000000083e-07 6.719128999999999709e-07 7.181173999999999662e-07 7.664614999999999841e-07 8.061041999999999874e-07 8.408149000000000099e-07 7.193800000000000267e-07 6.070077999999999941e-07 5.002811999999999892e-07 4.072292999999999764e-07 3.292510999999999803e-07 2.652009999999999936e-07 2.131219000000000021e-07 1.709626999999999907e-07 1.368412000000000117e-07 9.213232000000000678e-09 1.035197999999999924e-08 1.194816000000000023e-08 1.410239999999999961e-08 1.699516999999999892e-08 2.073398999999999904e-08 2.524052000000000002e-08 3.011687999999999909e-08 3.434149999999999685e-08 3.528249999999999846e-08 3.017514999999999873e-08 2.283201999999999867e-08 1.589387000000000149e-08 1.008644999999999964e-08 5.506593000000000239e-09 2.029173999999999966e-09 -5.330065999999999531e-10 -2.368724000000000102e-09 -3.646453999999999990e-09 1.070647000000000098e-09 1.087002999999999994e-09 1.112583999999999929e-09 1.149914000000000047e-09 1.201716000000000030e-09 1.269423000000000074e-09 1.351780000000000061e-09 1.442508999999999904e-09 1.524829000000000091e-09 1.554196999999999943e-09 1.483662000000000041e-09 1.376953000000000012e-09 1.277925999999999915e-09 1.197740000000000043e-09 1.137092000000000068e-09 1.093179000000000036e-09 1.062369000000000015e-09 1.041176000000000086e-09 1.026562999999999943e-09 1.419644000000000004e-10 1.458190999999999912e-10 1.517507000000000093e-10 1.599410000000000012e-10 1.707003999999999878e-10 1.842470999999999903e-10 2.003401000000000090e-10 2.177454000000000048e-10 2.331273999999999988e-10 2.375466000000000242e-10 2.215200000000000012e-10 1.980630999999999920e-10 1.761161000000000056e-10 1.580238999999999903e-10 1.440303000000000108e-10 1.336615999999999999e-10 1.262539000000000059e-10 1.211482000000000108e-10 1.177517000000000060e-10 6.620963000000000290e-11 7.097298000000000279e-11 7.792175999999999573e-11 8.712741999999999752e-11 9.889409000000000275e-11 1.134875999999999980e-10 1.306607999999999879e-10 1.490087999999999901e-10 1.647001999999999965e-10 1.674329000000000040e-10 1.462273999999999939e-10 1.162580999999999963e-10 8.793274999999999809e-11 6.404094000000000560e-11 4.494510999999999851e-11 3.016304999999999879e-11 1.897675999999999920e-11 1.065775999999999961e-11 4.545314999999999803e-12 9.095544999999999893e-11 9.865327999999999663e-11 1.095368000000000048e-10 1.236325999999999924e-10 1.413544999999999951e-10 1.630862000000000060e-10 1.884621999999999916e-10 2.153728999999999956e-10 2.380939999999999845e-10 2.413385000000000037e-10 2.087373000000000129e-10 1.629602999999999909e-10 1.195172000000000037e-10 8.264225999999999768e-11 5.294790999999999749e-11 2.975767000000000158e-11 1.201952000000000006e-11 -1.347764999999999963e-12 -1.131528999999999954e-11
4.435861999999999967e-07 4.526475999999999960e-07 4.651563999999999816e-07 4.824030000000000085e-07 5.064512000000000504e-07 5.387763000000000359e-07 5.795782999999999800e-07 6.272735000000000218e-07 6.773114999999999568e-07 7.193800000000000267e-07 7.571620000000000404e-07 6.501866999999999679e-07 5.507292000000000185e-07 4.553427999999999922e-07 3.716633999999999795e-07 3.012132999999999884e-07 2.431357000000000111e-07 1.957880999999999981e-07 1.573792999999999989e-07 4.578149000000000048e-09 5.011426000000000309e-09 5.825273000000000218e-09 7.233888999999999813e-09 9.412716000000000110e-09 1.245163000000000077e-08 1.634376000000000023e-08 2.094899000000000129e-08 2.587397000000000097e-08 3.017514999999999873e-08 3.143493999999999733e-08 2.708612000000000035e-08 2.059026000000000123e-08 1.438139999999999999e-08 9.149257000000000596e-09 5.004134999999999698e-09 1.846268999999999965e-09 -4.861676000000000490e-10 -2.160819999999999989e-09 1.037501000000000096e-09 1.043451999999999966e-09 1.056919999999999903e-09 1.081162000000000035e-09 1.118630000000000096e-09 1.170749000000000007e-09 1.237710999999999967e-09 1.317712999999999914e-09 1.404808999999999920e-09 1.483662000000000041e-09 1.513469000000000039e-09 1.450717999999999911e-09 1.353320000000000037e-09 1.261731999999999960e-09 1.186604999999999957e-09 1.128911000000000094e-09 1.086309000000000038e-09 1.055608999999999927e-09 1.033693000000000103e-09 1.283250999999999997e-10 1.307294000000000128e-10 1.345430000000000078e-10 1.402617999999999943e-10 1.483842000000000034e-10 1.592378999999999873e-10 1.728794999999999974e-10 1.889331999999999996e-10 2.061779000000000083e-10 2.215200000000000012e-10 2.267378000000000067e-10 2.130200000000000047e-10 1.921777999999999989e-10 1.724474000000000077e-10 1.560551999999999969e-10 1.432898999999999975e-10 1.337643999999999925e-10 1.269028999999999899e-10 1.221205999999999981e-10 4.463762000000000302e-11 4.785909000000000141e-11 5.244583000000000050e-11 5.887101999999999364e-11 6.776481999999999761e-11 7.956261000000000201e-11 9.435547999999999934e-11 1.117076999999999983e-10 1.301920999999999893e-10 1.462273999999999939e-10 1.503175999999999887e-10 1.322479999999999914e-10 1.057825999999999972e-10 8.050487000000000006e-11 5.905815999999999844e-11 4.184845999999999918e-11 2.848915999999999975e-11 1.836135999999999841e-11 1.082135000000000013e-11 5.780277999999999899e-11 6.284224000000000022e-11 6.997033000000000161e-11 7.972227000000000216e-11 9.301859000000000583e-11 1.105536000000000058e-10 1.324871000000000056e-10 1.581515000000000044e-10 1.853638999999999962e-10 2.087373000000000129e-10 2.141590000000000046e-10 1.863905999999999995e-10 1.459898999999999986e-10 1.072361999999999998e-10 7.414007000000000359e-11 4.737506000000000029e-11 2.640733999999999843e-11 1.033393999999999948e-11 -1.797815000000000049e-12
3.691193000000000143e-07 3.708745999999999956e-07 3.758522000000000070e-07 3.863587000000000224e-07 4.041644000000000136e-07 4.302389000000000000e-07 4.648331999999999751e-07 5.074275999999999611e-07 5.562487999999999563e-07 6.070077999999999941e-07 6.501866999999999679e-07 6.896286999999999580e-07 5.939699999999999645e-07 5.047599999999999750e-07 4.184649999999999821e-07 3.423582999999999773e-07 2.780524999999999945e-07 2.248966000000000102e-07 1.814717999999999879e-07 7.550349999999999678e-10 7.192618000000000111e-10 1.086437000000000102e-09 2.057386999999999939e-09 3.740393999999999771e-09 6.187423000000000255e-09 9.413913999999999841e-09 1.338792999999999970e-08 1.797881000000000070e-08 2.283201999999999867e-08 2.708612000000000035e-08 2.851293999999999935e-08 2.472019999999999990e-08 1.887718999999999859e-08 1.324092000000000022e-08 8.465813999999999775e-09 4.668453999999999976e-09 1.766469000000000096e-09 -3.840691000000000215e-10 1.013548999999999971e-09 1.014451999999999962e-09 1.021378999999999932e-09 1.037379999999999989e-09 1.064307000000000097e-09 1.103292000000000040e-09 1.155024000000000043e-09 1.219523000000000070e-09 1.295248999999999939e-09 1.376953000000000012e-09 1.450717999999999911e-09 1.479001000000000071e-09 1.421304000000000079e-09 1.330667999999999897e-09 1.244602999999999946e-09 1.173224000000000042e-09 1.117658000000000030e-09 1.075899000000000071e-09 1.045098000000000024e-09 1.181111999999999881e-10 1.194384000000000102e-10 1.218987999999999927e-10 1.259984000000000113e-10 1.321967000000000011e-10 1.407882000000000071e-10 1.519137000000000117e-10 1.655378000000000009e-10 1.812919000000000127e-10 1.980630999999999920e-10 2.130200000000000047e-10 2.185800000000000093e-10 2.065291000000000070e-10 1.876769000000000119e-10 1.696547000000000025e-10 1.545751999999999927e-10 1.427548000000000032e-10 1.338701000000000049e-10 1.274114000000000094e-10 2.783822000000000091e-11 2.947472999999999956e-11 3.236043000000000128e-11 3.696417999999999689e-11 4.381299000000000232e-11 5.329249000000000045e-11 6.557896000000000191e-11 8.061700000000000192e-11 9.795048999999999373e-11 1.162580999999999963e-10 1.322479999999999914e-10 1.371542999999999872e-10 1.214497999999999925e-10 9.772735000000000322e-11 7.486343000000000304e-11 5.536473999999999942e-11 3.966460000000000125e-11 2.744694000000000058e-11 1.816733000000000030e-11 3.210014000000000099e-11 3.434683000000000179e-11 3.852368999999999738e-11 4.531875999999999985e-11 5.545524000000000029e-11 6.951941000000000457e-11 8.778842999999999977e-11 1.101579000000000002e-10 1.358956000000000099e-10 1.629602999999999909e-10 1.863905999999999995e-10 1.931524999999999955e-10 1.690303000000000020e-10 1.328331000000000011e-10 9.778735999999999380e-11 6.769762000000000533e-11 4.327540999999999806e-11 2.409151999999999952e-11 9.356384000000000454e-12
3.023319999999999837e-07 2.997786999999999975e-07 3.008540000000000019e-07 3.077387000000000238e-07 3.215244000000000094e-07 3.427212999999999919e-07 3.715453000000000123e-07 4.079477000000000181e-07 4.513900000000000205e-07 5.002811999999999892e-07 5.507292000000000185e-07 5.939699999999999645e-07 6.340487000000000387e-07 5.473706999999999557e-07 4.664369000000000175e-07 3.876043999999999764e-07 3.177865999999999903e-07 2.586208000000000125e-07 2.096063999999999995e-07 -2.727542000000000092e-09 -2.791866000000000169e-09 -2.523830999999999864e-09 -1.753079000000000001e-09 -4.003832000000000035e-10 1.573672999999999928e-09 4.196849999999999626e-09 7.485328999999999516e-09 1.142033999999999988e-08 1.589387000000000149e-08 2.059026000000000123e-08 2.472019999999999990e-08 2.621842999999999835e-08 2.284613999999999986e-08 1.752375000000000165e-08 1.235228000000000028e-08 7.951029000000000503e-09 4.437542000000000184e-09 1.742920000000000016e-09 9.933044000000000301e-10 9.949789000000000743e-10 1.000443999999999942e-09 1.012054000000000070e-09 1.031513999999999919e-09 1.059983999999999925e-09 1.098415999999999984e-09 1.147602000000000066e-09 1.207820000000000075e-09 1.277925999999999915e-09 1.353320000000000037e-09 1.421304000000000079e-09 1.447112999999999902e-09 1.392850000000000003e-09 1.307389999999999970e-09 1.225643999999999950e-09 1.157205000000000038e-09 1.103285000000000084e-09 1.062137999999999998e-09 1.100197000000000063e-10 1.108330999999999996e-10 1.127035000000000002e-10 1.159492999999999943e-10 1.208471000000000076e-10 1.276508999999999960e-10 1.365476999999999999e-10 1.476493000000000115e-10 1.609415000000000020e-10 1.761161000000000056e-10 1.921777999999999989e-10 2.065291000000000070e-10 2.121380000000000123e-10 2.013131000000000066e-10 1.840136000000000034e-10 1.673447000000000125e-10 1.533094000000000010e-10 1.422366999999999996e-10 1.338523999999999978e-10 1.396528999999999976e-11 1.457403000000000106e-11 1.649931999999999961e-11 2.012305999999999968e-11 2.565851000000000110e-11 3.334984999999999729e-11 4.341074000000000249e-11 5.595308999999999822e-11 7.092601000000000466e-11 8.793274999999999809e-11 1.057825999999999972e-10 1.214497999999999925e-10 1.268003999999999895e-10 1.129092000000000044e-10 9.137795999999999730e-11 7.047101000000000468e-11 5.256436999999999971e-11 3.810199000000000131e-11 2.682079000000000127e-11 1.065559999999999995e-11 1.113250000000000007e-11 1.351838000000000081e-11 1.858087000000000017e-11 2.667046000000000064e-11 3.807287999999999922e-11 5.307182000000000115e-11 7.181120999999999608e-11 9.417570000000000391e-11 1.195172000000000037e-10 1.459898999999999986e-10 1.690303000000000020e-10 1.765428000000000058e-10 1.552110000000000082e-10 1.223656000000000060e-10 9.032248999999999432e-11 6.268852999999999683e-11 4.019006000000000132e-11 2.247452999999999875e-11
