4.696860999999999854e-06 3.717923999999999828e-06 3.073842000000000004e-06 2.526071999999999910e-06 2.073670999999999987e-06 1.704956000000000037e-06 1.406190999999999942e-06 1.164709999999999899e-06 9.697389000000000862e-07 8.124288000000000175e-07 6.856161999999999477e-07 5.834850000000000132e-07 5.010605000000000285e-07 4.335128000000000145e-07 3.757320999999999847e-07 3.228602999999999969e-07 2.715252999999999942e-07 2.207478000000000015e-07 1.718580999999999949e-07 1.273099999999999932e-07 8.915324000000000139e-08 5.821631000000000284e-08 3.420129000000000277e-08 1.619066000000000001e-08 2.862292999999999914e-07 2.385105999999999891e-07 1.892882999999999970e-07 1.471665999999999885e-07 1.128879999999999981e-07 8.562300999999999506e-08 6.421027000000000392e-08 4.754137000000000082e-08 3.466665000000000291e-08 2.480725999999999856e-08 1.733223999999999970e-08 1.171410000000000032e-08 7.465648999999999435e-09 4.098207000000000342e-09 1.165168999999999908e-09 -1.632856999999999958e-09 -4.377190000000000267e-09 -6.948456999999999676e-09 -9.137383999999999349e-09 -1.078168000000000076e-08 -1.183443000000000005e-08 -1.234750000000000022e-08 -1.242214000000000028e-08 -1.216946000000000070e-08 5.185230000000000301e-09 4.406629999999999702e-09 3.613526999999999903e-09 2.949581999999999876e-09 2.424152999999999870e-09 2.020306999999999897e-09 1.716245999999999907e-09 1.491690000000000047e-09 1.329489999999999924e-09 1.215637000000000028e-09 1.138610000000000062e-09 1.088481000000000059e-09 1.056258999999999919e-09 1.034064999999999985e-09 1.016048999999999910e-09 9.992449000000000676e-10 9.835878000000000349e-10 9.708386000000001013e-10 9.629797000000000262e-10 9.610318000000000975e-10 9.647501000000000349e-10 9.729611000000000596e-10 9.840901999999999194e-10 9.965799000000000567e-10 1.048384000000000089e-09 8.878995999999999807e-10 7.232755000000000218e-10 5.836513999999999766e-10 4.710692999999999917e-10 3.823767000000000099e-10 3.134530000000000135e-10 2.604534000000000138e-10 2.201010000000000033e-10 1.896486000000000052e-10 1.667804999999999960e-10 1.496026000000000072e-10 1.366196999999999971e-10 1.266425999999999903e-10 1.187226000000000063e-10 1.121332000000000037e-10 1.064202000000000049e-10 1.014653999999999937e-10 9.743192000000000314e-11 9.457190000000000095e-11 9.303184000000000317e-11 9.277282000000000576e-11 9.360727000000000126e-11 9.527926999999999817e-11 1.172301999999999991e-09 9.841668999999999673e-10 7.903894000000000127e-10 6.247529000000000336e-10 4.897507000000000053e-10 3.819218999999999961e-10 2.966692000000000244e-10 2.296732000000000057e-10 1.772054000000000083e-10 1.360970000000000006e-10 1.037607999999999955e-10 7.823630999999999543e-11 5.805413000000000196e-11 4.201498999999999726e-11 2.897437999999999957e-11 1.782248999999999911e-11 7.732278999999999268e-12 -1.607096999999999973e-12 -1.001177000000000026e-11 -1.707120000000000020e-11 -2.246153000000000032e-11 -2.610180000000000092e-11 -2.813464000000000057e-11 -2.882417999999999967e-11 1.767617999999999923e-09 1.485712000000000049e-09 1.194859000000000040e-09 9.452987000000000332e-10 7.410033000000000441e-10 5.771056000000000301e-10 4.469408000000000062e-10 3.441536999999999859e-10 2.631886999999999971e-10 1.993740999999999940e-10 1.490356000000000028e-10 1.093970000000000049e-10 7.828849000000000259e-11 5.378794000000000234e-11 3.391478000000000223e-11 1.676682999999999955e-11 9.772966999999999993e-13 -1.395809999999999966e-11 -2.774464999999999851e-11 -3.969437000000000305e-11 -4.920348000000000109e-11 -5.603055000000000019e-11 -6.030464000000000425e-11 -6.238827000000000029e-11
3.717923999999999828e-06 3.687002000000000076e-06 3.005183000000000209e-06 2.512925000000000170e-06 2.083985999999999905e-06 1.724196000000000043e-06 1.427774000000000037e-06 1.185700999999999958e-06 9.889274000000000466e-07 8.294236000000000077e-07 7.003644000000000321e-07 5.958827999999999524e-07 5.105688000000000396e-07 4.391702000000000185e-07 3.770265999999999835e-07 3.208250000000000157e-07 2.687033000000000236e-07 2.197779000000000055e-07 1.739292000000000061e-07 1.318933000000000049e-07 9.492144000000000138e-08 6.399692999999999812e-08 3.933683999999999876e-08 2.044901999999999976e-08 2.385105999999999891e-07 2.192440000000000010e-07 1.838814999999999912e-07 1.467673000000000095e-07 1.144223999999999989e-07 8.778607000000000517e-08 6.644144000000000047e-08 4.960926999999999778e-08 3.648972000000000125e-08 2.636822999999999881e-08 1.862551000000000013e-08 1.270383999999999943e-08 8.081739000000000354e-09 4.310207000000000024e-09 1.077325000000000103e-09 -1.788351000000000042e-09 -4.368839000000000075e-09 -6.681599999999999757e-09 -8.671665999999999242e-09 -1.024226000000000016e-08 -1.132489000000000017e-08 -1.192092000000000064e-08 -1.209202999999999965e-08 -1.192805000000000039e-08 4.406629999999999702e-09 4.105958000000000350e-09 3.543953999999999982e-09 2.960142999999999794e-09 2.463186000000000018e-09 2.066533999999999928e-09 1.760915000000000014e-09 1.531464000000000038e-09 1.363374999999999958e-09 1.243452000000000102e-09 1.160136999999999961e-09 1.103259000000000067e-09 1.064220999999999979e-09 1.036479000000000015e-09 1.015644999999999960e-09 9.991126000000000804e-10 9.856844000000000089e-10 9.753499999999999458e-10 9.688384000000000445e-10 9.668750999999999630e-10 9.695768000000000923e-10 9.763117000000000377e-10 9.859287999999999548e-10 9.970975000000000302e-10 8.878995999999999807e-10 8.244343000000000427e-10 7.066740999999999637e-10 5.834962000000000307e-10 4.770404999999999927e-10 3.901989999999999985e-10 3.213319999999999818e-10 2.676515999999999942e-10 2.263076000000000023e-10 1.947197000000000085e-10 1.707192999999999897e-10 1.525582999999999890e-10 1.387728999999999965e-10 1.280997000000000100e-10 1.195656000000000002e-10 1.125760000000000050e-10 1.068209999999999949e-10 1.021339000000000029e-10 9.845286000000000303e-11 9.581600000000000289e-11 9.429300999999999748e-11 9.388876999999999920e-11 9.449918999999999449e-11 9.593426999999999487e-11 9.841668999999999673e-10 9.087174999999999693e-10 7.693127999999999658e-10 6.229284000000000468e-10 4.952854000000000359e-10 3.898515999999999961e-10 3.048760999999999829e-10 2.372347999999999964e-10 1.836874000000000124e-10 1.413709000000000014e-10 1.079979000000000045e-10 8.172526999999999514e-11 6.091010999999999844e-11 4.407194999999999741e-11 3.006727000000000018e-11 1.814920999999999956e-11 7.837187000000000339e-12 -1.181634999999999943e-12 -9.037666000000000317e-12 -1.566338000000000025e-11 -2.088919999999999868e-11 -2.460380000000000064e-11 -2.684462999999999847e-11 -2.778507999999999857e-11 1.485712000000000049e-09 1.371899000000000083e-09 1.162070000000000103e-09 9.415422999999999447e-10 7.485878000000000193e-10 5.885343999999999896e-10 4.589484999999999894e-10 3.552682999999999797e-10 2.727690000000000225e-10 2.073676999999999942e-10 1.557575999999999978e-10 1.151293000000000038e-10 8.293810000000000180e-11 5.695365000000000138e-11 3.540665000000000201e-11 1.699088000000000161e-11 8.133218999999999981e-13 -1.364425999999999946e-11 -2.653991999999999865e-11 -3.771347999999999734e-11 -4.684623999999999931e-11 -5.369288999999999862e-11 -5.823732999999999415e-11 -6.069278000000000142e-11
3.073842000000000004e-06 3.005183000000000209e-06 2.979414000000000185e-06 2.471642999999999893e-06 2.088746000000000008e-06 1.747774999999999965e-06 1.457544999999999993e-06 1.215939999999999915e-06 1.017158000000000088e-06 8.546786999999999702e-07 7.222211000000000375e-07 6.137986999999999997e-07 5.236706000000000358e-07 4.468202000000000109e-07 3.796632000000000138e-07 3.201357000000000256e-07 2.670828000000000257e-07 2.195636999999999903e-07 1.766122000000000044e-07 1.375656000000000073e-07 1.024930000000000033e-07 7.204386000000000148e-08 4.680041999999999709e-08 2.681443999999999907e-08 1.892882999999999970e-07 1.838814999999999912e-07 1.701814999999999943e-07 1.440448000000000062e-07 1.157351000000000025e-07 9.056291000000000609e-08 6.956894999999999642e-08 5.261401000000000038e-08 3.918456000000000184e-08 2.868264000000000054e-08 2.051044000000000098e-08 1.409539999999999994e-08 8.942407999999999298e-09 4.699324000000000305e-09 1.160998999999999911e-09 -1.791721000000000000e-09 -4.256517000000000388e-09 -6.331562999999999718e-09 -8.087599999999999244e-09 -9.529843999999999874e-09 -1.061216000000000071e-08 -1.129660000000000005e-08 -1.159283000000000038e-08 -1.155456000000000027e-08 3.613526999999999903e-09 3.543953999999999982e-09 3.342863999999999800e-09 2.939500999999999939e-09 2.505111000000000160e-09 2.128206999999999907e-09 1.824450999999999948e-09 1.589634999999999960e-09 1.413475999999999928e-09 1.284441000000000073e-09 1.191441999999999989e-09 1.124783000000000044e-09 1.076883000000000033e-09 1.042450999999999960e-09 1.017956999999999941e-09 1.000855999999999961e-09 9.890951999999999450e-10 9.811643000000000794e-10 9.763535999999999525e-10 9.746732000000000955e-10 9.763382000000000065e-10 9.812495999999999737e-10 9.888152000000000246e-10 9.980876000000000762e-10 7.232755000000000218e-10 7.066740999999999637e-10 6.623825000000000130e-10 5.760677999999999781e-10 4.827257000000000218e-10 4.004137999999999868e-10 3.324339999999999917e-10 2.780744000000000091e-10 2.353780000000000013e-10 2.022185999999999938e-10 1.766847000000000030e-10 1.571108999999999904e-10 1.420476000000000007e-10 1.303022000000000084e-10 1.209977999999999924e-10 1.135786000000000032e-10 1.077298000000000000e-10 1.032296999999999966e-10 9.986886999999999388e-11 9.748921000000000036e-11 9.602881000000000146e-11 9.548211000000000582e-11 9.581721000000000345e-11 9.693140000000000196e-11 7.903894000000000127e-10 7.693127999999999658e-10 7.153926000000000510e-10 6.119596000000000009e-10 4.998291999999999721e-10 3.999839000000000005e-10 3.163163000000000092e-10 2.480820999999999823e-10 1.931649999999999994e-10 1.493376999999999888e-10 1.145797999999999945e-10 8.703057999999999447e-11 6.496701000000000228e-11 4.691894999999999931e-11 3.183854999999999988e-11 1.914468000000000158e-11 8.525148000000000743e-12 -3.085121000000000158e-13 -7.671958000000000418e-12 -1.379873999999999983e-11 -1.875457000000000134e-11 -2.248702999999999935e-11 -2.495723999999999999e-11 -2.622572999999999997e-11 1.194859000000000040e-09 1.162070000000000103e-09 1.080017000000000035e-09 9.237344000000000315e-10 7.543239999999999689e-10 6.029810999999999579e-10 4.755862000000000384e-10 3.712055000000000165e-10 2.869201000000000089e-10 2.195483999999999881e-10 1.660504000000000090e-10 1.235561000000000083e-10 8.941589999999999829e-11 6.139731000000000064e-11 3.793739999999999867e-11 1.813288000000000139e-11 1.408873999999999920e-12 -1.274861000000000014e-11 -2.481519000000000021e-11 -3.510427000000000305e-11 -4.367875000000000026e-11 -5.042644000000000056e-11 -5.524209999999999864e-11 -5.816723000000000154e-11
2.526071999999999910e-06 2.512925000000000170e-06 2.471642999999999893e-06 2.464802000000000156e-06 2.071426999999999878e-06 1.767381999999999937e-06 1.491404999999999953e-06 1.253429999999999915e-06 1.053466000000000071e-06 8.876060000000000403e-07 7.504858000000000034e-07 6.362985000000000116e-07 5.397076999999999750e-07 4.566982999999999808e-07 3.847444000000000157e-07 3.223022000000000073e-07 2.681983000000000068e-07 2.212632999999999905e-07 1.802045000000000040e-07 1.437179999999999903e-07 1.108863999999999996e-07 8.155339999999999757e-08 5.615834999999999809e-08 3.514776999999999763e-08 1.471665999999999885e-07 1.467673000000000095e-07 1.440448000000000062e-07 1.348052000000000059e-07 1.152111000000000039e-07 9.319479999999999751e-08 7.323567999999999871e-08 5.638902999999999920e-08 4.266565000000000062e-08 3.167925999999999882e-08 2.290704000000000075e-08 1.583875000000000013e-08 1.007983000000000034e-08 5.373261000000000022e-09 1.553125999999999957e-09 -1.510802999999999916e-09 -3.944586999999999791e-09 -5.880363999999999775e-09 -7.446625000000000018e-09 -8.734382000000000000e-09 -9.765350000000000818e-09 -1.050769999999999919e-08 -1.093051999999999960e-08 -1.104150999999999985e-08 2.949581999999999876e-09 2.960142999999999794e-09 2.939500999999999939e-09 2.815372000000000191e-09 2.522325999999999878e-09 2.192662999999999876e-09 1.901017999999999897e-09 1.663442999999999919e-09 1.478236999999999928e-09 1.337469000000000027e-09 1.231898000000000040e-09 1.153334000000000021e-09 1.095497999999999974e-09 1.053848999999999925e-09 1.024987000000000071e-09 1.006072000000000039e-09 9.945127999999999739e-10 9.879544000000000434e-10 9.845836000000000368e-10 9.834486999999999480e-10 9.843833999999999117e-10 9.875177000000000091e-10 9.927862000000000722e-10 9.997341000000000870e-10 5.836513999999999766e-10 5.834962000000000307e-10 5.760677999999999781e-10 5.468705999999999789e-10 4.826696999999999550e-10 4.105019000000000153e-10 3.455437999999999995e-10 2.911029999999999821e-10 2.470337999999999954e-10 2.120707999999999942e-10 1.846587999999999910e-10 1.632604999999999916e-10 1.465387999999999976e-10 1.334554000000000042e-10 1.232499999999999880e-10 1.153532999999999996e-10 1.093331999999999978e-10 1.048628000000000011e-10 1.016607999999999975e-10 9.946666999999999707e-11 9.808939000000000397e-11 9.744459999999999456e-11 9.751436999999999700e-11 9.826855999999999623e-11 6.247529000000000336e-10 6.229284000000000468e-10 6.119596000000000009e-10 5.751532000000000110e-10 4.971262000000000488e-10 4.093893000000000041e-10 3.295422999999999902e-10 2.615335999999999849e-10 2.054313000000000090e-10 1.599758000000000050e-10 1.234548000000000026e-10 9.407421999999999777e-11 7.022439000000000507e-11 5.065226999999999940e-11 3.447206999999999773e-11 2.108886999999999877e-11 1.011805000000000009e-11 1.250298000000000091e-12 -5.867767999999999802e-12 -1.161177999999999922e-11 -1.625959999999999910e-11 -1.991532000000000041e-11 -2.255960999999999862e-11 -2.416967999999999845e-11 9.452987000000000332e-10 9.415422999999999447e-10 9.237344000000000315e-10 8.672096000000000242e-10 7.489229999999999583e-10 6.160133999999999730e-10 4.946853999999999552e-10 3.910344999999999797e-10 3.053517000000000096e-10 2.357896999999999762e-10 1.797485000000000126e-10 1.345057000000000084e-10 9.761789999999999747e-11 6.716707999999999374e-11 4.181399999999999773e-11 2.071738000000000032e-11 3.330205000000000147e-12 -1.086658999999999964e-11 -2.246709000000000136e-11 -3.204896000000000241e-11 -4.001587000000000163e-11 -4.651042999999999895e-11 -5.148520000000000280e-11 -5.487182999999999683e-11
2.073670999999999987e-06 2.083985999999999905e-06 2.088746000000000008e-06 2.071426999999999878e-06 2.082132999999999789e-06 1.768178999999999914e-06 1.521865999999999898e-06 1.294454000000000058e-06 1.095884999999999969e-06 9.268353000000000037e-07 7.839092999999999850e-07 6.625524999999999766e-07 5.587788000000000193e-07 4.697458999999999844e-07 3.934719999999999912e-07 3.283648999999999971e-07 2.729477999999999793e-07 2.257742999999999970e-07 1.854068000000000029e-07 1.504104999999999955e-07 1.194513000000000050e-07 9.161299000000000460e-08 6.670423000000000014e-08 4.510729000000000130e-08 1.128879999999999981e-07 1.144223999999999989e-07 1.157351000000000025e-07 1.152111000000000039e-07 1.092062000000000028e-07 9.424610999999999768e-08 7.676252000000000305e-08 6.060215000000000377e-08 4.674387000000000311e-08 3.522295999999999765e-08 2.573840000000000037e-08 1.795041000000000026e-08 1.158833000000000024e-08 6.445826000000000236e-09 2.347754999999999820e-09 -8.687091000000000147e-10 -3.359048000000000083e-09 -5.271889999999999669e-09 -6.748937000000000349e-09 -7.917705000000000422e-09 -8.865184999999999719e-09 -9.612250000000000592e-09 -1.013020999999999949e-08 -1.038908000000000028e-08 2.424152999999999870e-09 2.463186000000000018e-09 2.505111000000000160e-09 2.522325999999999878e-09 2.452172000000000039e-09 2.235435999999999848e-09 1.979190999999999974e-09 1.747247999999999920e-09 1.554606000000000039e-09 1.401017000000000064e-09 1.281368000000000077e-09 1.189923000000000090e-09 1.121645999999999913e-09 1.072288999999999915e-09 1.038178000000000010e-09 1.016034999999999997e-09 1.002883000000000082e-09 9.960143000000000850e-10 9.930762000000000784e-10 9.923275000000000559e-10 9.928842000000000857e-10 9.946208000000000732e-10 9.977079000000000139e-10 1.002166000000000032e-09 4.710692999999999917e-10 4.770404999999999927e-10 4.827257000000000218e-10 4.826696999999999550e-10 4.642929000000000005e-10 4.155689000000000041e-10 3.583351999999999952e-10 3.056469999999999993e-10 2.608120999999999994e-10 2.240766999999999982e-10 1.945417000000000066e-10 1.710177999999999913e-10 1.524136000000000040e-10 1.378460000000000118e-10 1.266047000000000064e-10 1.180828000000000081e-10 1.117412000000000013e-10 1.071245000000000006e-10 1.038771000000000005e-10 1.017055999999999967e-10 1.003549000000000057e-10 9.964625000000000629e-11 9.950385000000000479e-11 9.991707000000000412e-11 4.897507000000000053e-10 4.952854000000000359e-10 4.998291999999999721e-10 4.971262000000000488e-10 4.726573999999999978e-10 4.124140000000000091e-10 3.419085999999999788e-10 2.764422999999999874e-10 2.200179000000000091e-10 1.730158999999999991e-10 1.344040000000000045e-10 1.027718999999999959e-10 7.683405000000000621e-11 5.558316999999999811e-11 3.823880000000000060e-11 2.415191999999999873e-11 1.277564999999999959e-11 3.683806000000000348e-12 -3.484074000000000003e-12 -9.103318999999999452e-12 -1.354416999999999923e-11 -1.707337999999999848e-11 -1.979196000000000082e-11 -2.168108999999999885e-11 7.410033000000000441e-10 7.485878000000000193e-10 7.543239999999999689e-10 7.489229999999999583e-10 7.108816000000000239e-10 6.192637999999999600e-10 5.123787999999999719e-10 4.130489999999999764e-10 3.272551000000000045e-10 2.555712999999999775e-10 1.964646000000000052e-10 1.478302999999999874e-10 1.077299999999999992e-10 7.464066000000000641e-11 4.739895000000000050e-11 2.507511999999999948e-11 6.927499000000000348e-12 -7.650881999999999347e-12 -1.925982999999999872e-11 -2.853573999999999893e-11 -3.606250999999999756e-11 -4.223869000000000084e-11 -4.721005000000000077e-11 -5.093562999999999831e-11
1.704956000000000037e-06 1.724196000000000043e-06 1.747774999999999965e-06 1.767381999999999937e-06 1.768178999999999914e-06 1.792410000000000047e-06 1.535633000000000024e-06 1.332117999999999991e-06 1.140566000000000050e-06 9.698624000000000012e-07 8.210072999999999642e-07 6.922996999999999956e-07 5.816433000000000187e-07 4.870943999999999759e-07 4.068049999999999955e-07 3.389555999999999862e-07 2.817788000000000138e-07 2.336065999999999870e-07 1.928971000000000022e-07 1.582163999999999873e-07 1.281986000000000002e-07 1.016092999999999965e-07 7.762348000000000045e-08 5.607682000000000199e-08 8.562300999999999506e-08 8.778607000000000517e-08 9.056291000000000609e-08 9.319479999999999751e-08 9.424610999999999768e-08 9.052075999999999668e-08 7.885889999999999948e-08 6.460523000000000232e-08 5.106108000000000210e-08 3.912629000000000221e-08 2.896510000000000041e-08 2.049876000000000005e-08 1.357311000000000050e-08 8.005220000000000197e-09 3.602024999999999873e-09 1.736502000000000018e-10 -2.456890000000000188e-09 -4.449196999999999768e-09 -5.947010999999999617e-09 -7.081508999999999973e-09 -7.967376000000000219e-09 -8.681733000000000506e-09 -9.240884999999999569e-09 -9.615369000000000568e-09 2.020306999999999897e-09 2.066533999999999928e-09 2.128206999999999907e-09 2.192662999999999876e-09 2.235435999999999848e-09 2.201503000000000023e-09 2.036784000000000108e-09 1.830225000000000057e-09 1.637349000000000029e-09 1.473165000000000051e-09 1.340040000000000059e-09 1.235798999999999901e-09 1.156790000000000097e-09 1.098995000000000091e-09 1.058480000000000051e-09 1.031600000000000036e-09 1.015094000000000093e-09 1.006091000000000098e-09 1.002074000000000070e-09 1.000918999999999984e-09 1.001099000000000081e-09 1.001876000000000026e-09 1.003213000000000018e-09 1.005343999999999998e-09 3.823767000000000099e-10 3.901989999999999985e-10 4.004137999999999868e-10 4.105019000000000153e-10 4.155689000000000041e-10 4.045177000000000061e-10 3.664453000000000126e-10 3.197090000000000175e-10 2.757849000000000141e-10 2.377908000000000098e-10 2.061742999999999981e-10 1.804483999999999887e-10 1.598842999999999956e-10 1.437388999999999977e-10 1.313093999999999995e-10 1.219436000000000048e-10 1.150425000000000062e-10 1.100700000000000009e-10 1.065831000000000013e-10 1.042451999999999969e-10 1.027875999999999988e-10 1.019827000000000008e-10 1.016763999999999944e-10 1.018091999999999988e-10 3.819218999999999961e-10 3.898515999999999961e-10 3.999839000000000005e-10 4.093893000000000041e-10 4.124140000000000091e-10 3.963061999999999771e-10 3.485252999999999855e-10 2.905843000000000199e-10 2.358229000000000129e-10 1.878385000000000075e-10 1.471287000000000122e-10 1.131303000000000064e-10 8.503775000000000447e-11 6.205443999999999907e-11 4.343536999999999691e-11 2.848273000000000055e-11 1.654902000000000010e-11 7.073151999999999950e-12 -3.780985000000000171e-13 -6.157209000000000002e-12 -1.061516000000000058e-11 -1.408896999999999989e-11 -1.681487000000000144e-11 -1.887714999999999979e-11 5.771056000000000301e-10 5.885343999999999896e-10 6.029810999999999579e-10 6.160133999999999730e-10 6.192637999999999600e-10 5.939776000000000107e-10 5.214492999999999769e-10 4.338236000000000176e-10 3.508478999999999853e-10 2.778790000000000182e-10 2.157029999999999891e-10 1.635057999999999918e-10 1.201006999999999945e-10 8.432383000000000017e-11 5.509706999999999759e-11 3.141188999999999693e-11 1.234107999999999935e-11 -2.896950999999999860e-12 -1.493853000000000016e-11 -2.437962000000000108e-11 -3.182148000000000104e-11 -3.780102000000000204e-11 -4.267461999999999775e-11 -4.656595000000000193e-11
1.406190999999999942e-06 1.427774000000000037e-06 1.457544999999999993e-06 1.491404999999999953e-06 1.521865999999999898e-06 1.535633000000000024e-06 1.569353999999999959e-06 1.353936000000000008e-06 1.180526000000000045e-06 1.012908000000000086e-06 8.603150999999999769e-07 7.256750000000000444e-07 6.091470000000000481e-07 5.096124999999999849e-07 4.253520999999999750e-07 3.544297999999999938e-07 2.949184000000000159e-07 2.450223999999999773e-07 2.031234999999999990e-07 1.677744999999999913e-07 1.376600000000000032e-07 1.115539000000000021e-07 8.835044000000000164e-08 6.731671000000000007e-08 6.421027000000000392e-08 6.644144000000000047e-08 6.956894999999999642e-08 7.323567999999999871e-08 7.676252000000000305e-08 7.885889999999999948e-08 7.664468999999999623e-08 6.717735000000000563e-08 5.501127999999999866e-08 4.314243000000000153e-08 3.255309000000000261e-08 2.354244000000000127e-08 1.610584000000000071e-08 1.010438999999999927e-08 5.347982000000000196e-09 1.637676000000000043e-09 -1.213436000000000068e-09 -3.372304000000000063e-09 -4.984833000000000171e-09 -6.179550999999999726e-09 -7.073035000000000277e-09 -7.766232999999999686e-09 -8.325510000000000546e-09 -8.762450000000000486e-09 1.716245999999999907e-09 1.760915000000000014e-09 1.824450999999999948e-09 1.901017999999999897e-09 1.979190999999999974e-09 2.036784000000000108e-09 2.024311999999999823e-09 1.892243000000000204e-09 1.717472999999999990e-09 1.550708000000000101e-09 1.407575000000000074e-09 1.291750000000000011e-09 1.201912000000000057e-09 1.134787000000000044e-09 1.086525999999999935e-09 1.053355999999999935e-09 1.031851999999999923e-09 1.019031999999999961e-09 1.012322000000000095e-09 1.009500999999999986e-09 1.008715999999999973e-09 1.008658000000000096e-09 1.008737999999999955e-09 1.008999000000000023e-09 3.134530000000000135e-10 3.213319999999999818e-10 3.324339999999999917e-10 3.455437999999999995e-10 3.583351999999999952e-10 3.664453000000000126e-10 3.601011999999999972e-10 3.294230000000000111e-10 2.901235000000000063e-10 2.523915999999999869e-10 2.193014999999999949e-10 1.916068999999999921e-10 1.691295000000000103e-10 1.513263999999999987e-10 1.375349000000000003e-10 1.270843999999999960e-10 1.193484999999999937e-10 1.137622999999999996e-10 1.098310999999999988e-10 1.071537000000000029e-10 1.054302000000000037e-10 1.044254999999999952e-10 1.039428999999999989e-10 1.038519999999999998e-10 2.966692000000000244e-10 3.048760999999999829e-10 3.163163000000000092e-10 3.295422999999999902e-10 3.419085999999999788e-10 3.485252999999999855e-10 3.382171999999999826e-10 2.995042999999999746e-10 2.506437000000000161e-10 2.033788000000000050e-10 1.612534000000000100e-10 1.251884999999999963e-10 9.505879999999999800e-11 7.032299999999999590e-11 5.028964999999999989e-11 3.424256999999999997e-11 2.149840999999999987e-11 1.143416999999999953e-11 3.522435000000000025e-12 -2.636545999999999820e-12 -7.361611999999999308e-12 -1.096400999999999985e-11 -1.374118999999999953e-11 -1.589880000000000007e-11 4.469408000000000062e-10 4.589484999999999894e-10 4.755862000000000384e-10 4.946853999999999552e-10 5.123787999999999719e-10 5.214492999999999769e-10 5.052898999999999882e-10 4.466322999999999963e-10 3.727441999999999917e-10 3.010492999999999935e-10 2.368445999999999991e-10 1.815578999999999940e-10 1.350666999999999871e-10 9.662662999999999981e-11 6.525807000000000004e-11 3.992659000000000062e-11 1.963133999999999903e-11 3.462434000000000108e-12 -9.330385999999999902e-12 -1.934237999999999861e-11 -2.711760999999999920e-11 -3.319373999999999786e-11 -3.804767999999999889e-11 -4.199168000000000228e-11
1.164709999999999899e-06 1.185700999999999958e-06 1.215939999999999915e-06 1.253429999999999915e-06 1.294454000000000058e-06 1.332117999999999991e-06 1.353936000000000008e-06 1.391830999999999965e-06 1.204100000000000042e-06 1.050372000000000004e-06 8.998394999999999758e-07 7.624468000000000402e-07 6.416484999999999901e-07 5.376995000000000431e-07 4.493973999999999793e-07 3.749664999999999847e-07 3.125035000000000163e-07 2.601862999999999745e-07 2.163584000000000059e-07 1.795512000000000018e-07 1.484734999999999961e-07 1.219517999999999949e-07 9.889053999999999422e-08 7.830743999999999568e-08 4.754137000000000082e-08 4.960926999999999778e-08 5.261401000000000038e-08 5.638902999999999920e-08 6.060215000000000377e-08 6.460523000000000232e-08 6.717735000000000563e-08 6.570493000000000256e-08 5.756088000000000317e-08 4.685404999999999993e-08 3.637422999999999920e-08 2.706505000000000054e-08 1.920127000000000105e-08 1.276097999999999950e-08 7.600674000000000010e-09 3.538042000000000137e-09 3.895764999999999833e-10 -2.013221000000000114e-09 -3.818574000000000011e-09 -5.155567000000000091e-09 -6.137219000000000125e-09 -6.865634000000000034e-09 -7.429670000000000049e-09 -7.886893000000000384e-09 1.491690000000000047e-09 1.531464000000000038e-09 1.589634999999999960e-09 1.663442999999999919e-09 1.747247999999999920e-09 1.830225000000000057e-09 1.892243000000000204e-09 1.889554999999999892e-09 1.778240999999999960e-09 1.626885999999999918e-09 1.481721999999999942e-09 1.357365000000000099e-09 1.257241999999999907e-09 1.180065000000000102e-09 1.122753999999999905e-09 1.081779000000000055e-09 1.053737999999999903e-09 1.035589000000000031e-09 1.024706000000000039e-09 1.018835999999999934e-09 1.016043999999999971e-09 1.014722000000000004e-09 1.013749000000000032e-09 1.012654000000000048e-09 2.604534000000000138e-10 2.676515999999999942e-10 2.780744000000000091e-10 2.911029999999999821e-10 3.056469999999999993e-10 3.197090000000000175e-10 3.294230000000000111e-10 3.259813999999999761e-10 3.003400000000000196e-10 2.663591000000000217e-10 2.333701000000000232e-10 2.043818000000000014e-10 1.802039999999999911e-10 1.607059999999999980e-10 1.453821999999999966e-10 1.336116000000000104e-10 1.247753000000000086e-10 1.183038999999999972e-10 1.136899999999999972e-10 1.104925000000000064e-10 1.083570999999999944e-10 1.070216000000000019e-10 1.062819999999999981e-10 1.059680000000000057e-10 2.296732000000000057e-10 2.372347999999999964e-10 2.480820999999999823e-10 2.615335999999999849e-10 2.764422999999999874e-10 2.905843000000000199e-10 2.995042999999999746e-10 2.929666000000000252e-10 2.603666999999999835e-10 2.178064000000000111e-10 1.761093000000000093e-10 1.388233000000000101e-10 1.069805999999999992e-10 8.052077000000000204e-11 5.893440999999999667e-11 4.156208000000000176e-11 2.773152999999999866e-11 1.681333000000000102e-11 8.241011999999999782e-12 1.539994000000000072e-12 -3.643363999999999822e-12 -7.588558999999999957e-12 -1.056899000000000059e-11 -1.284715000000000065e-11 3.441536999999999859e-10 3.552682999999999797e-10 3.712055000000000165e-10 3.910344999999999797e-10 4.130489999999999764e-10 4.338236000000000176e-10 4.466322999999999963e-10 4.362521999999999962e-10 3.867791000000000049e-10 3.222817000000000225e-10 2.588368000000000217e-10 2.017856000000000016e-10 1.527635000000000019e-10 1.117667000000000003e-10 7.809599999999999843e-11 5.080392000000000270e-11 2.890349999999999937e-11 1.145936000000000056e-11 -2.363406000000000037e-12 -1.324368000000000078e-11 -2.171008999999999883e-11 -2.824366000000000044e-11 -3.332100000000000312e-11 -3.736412000000000094e-11
9.697389000000000862e-07 9.889274000000000466e-07 1.017158000000000088e-06 1.053466000000000071e-06 1.095884999999999969e-06 1.140566000000000050e-06 1.180526000000000045e-06 1.204100000000000042e-06 1.240985000000000071e-06 1.073014999999999924e-06 9.355661000000000464e-07 8.010587999999999891e-07 6.785974000000000464e-07 5.711887000000000171e-07 4.789196000000000343e-07 4.006117000000000111e-07 3.346240000000000191e-07 2.792327999999999856e-07 2.328042000000000088e-07 1.938699000000000094e-07 1.611261000000000018e-07 1.334245000000000047e-07 1.097253000000000012e-07 8.904828999999999753e-08 3.466665000000000291e-08 3.648972000000000125e-08 3.918456000000000184e-08 4.266565000000000062e-08 4.674387000000000311e-08 5.106108000000000210e-08 5.501127999999999866e-08 5.756088000000000317e-08 5.646992000000000304e-08 4.941531000000000231e-08 4.006436000000000288e-08 3.091313000000000200e-08 2.279729999999999861e-08 1.595387999999999992e-08 1.035913000000000039e-08 5.884556000000000167e-09 2.369168000000000188e-09 -3.481110000000000090e-10 -2.415496000000000155e-09 -3.963041000000000315e-09 -5.103667999999999793e-09 -5.936891999999999975e-09 -6.552936000000000293e-09 -7.029910000000000181e-09 1.329489999999999924e-09 1.363374999999999958e-09 1.413475999999999928e-09 1.478236999999999928e-09 1.554606000000000039e-09 1.637349000000000029e-09 1.717472999999999990e-09 1.778240999999999960e-09 1.781387000000000065e-09 1.687118999999999952e-09 1.556222000000000047e-09 1.430104999999999995e-09 1.321899000000000048e-09 1.234700999999999995e-09 1.167394999999999979e-09 1.117289000000000070e-09 1.081291000000000004e-09 1.056430000000000042e-09 1.040045000000000000e-09 1.029842999999999956e-09 1.023855999999999985e-09 1.020394000000000064e-09 1.018047000000000093e-09 1.015838000000000065e-09 2.201010000000000033e-10 2.263076000000000023e-10 2.353780000000000013e-10 2.470337999999999954e-10 2.608120999999999994e-10 2.757849000000000141e-10 2.901235000000000063e-10 3.003400000000000196e-10 2.985819000000000027e-10 2.767012000000000060e-10 2.471107999999999838e-10 2.182737000000000028e-10 1.929416000000000009e-10 1.718529000000000001e-10 1.548890000000000118e-10 1.415959999999999989e-10 1.314202000000000090e-10 1.238127999999999977e-10 1.182691999999999993e-10 1.143409000000000053e-10 1.116383000000000026e-10 1.098485999999999938e-10 1.087419999999999953e-10 1.081400999999999940e-10 1.772054000000000083e-10 1.836874000000000124e-10 1.931649999999999994e-10 2.054313000000000090e-10 2.200179000000000091e-10 2.358229000000000129e-10 2.506437000000000161e-10 2.603666999999999835e-10 2.558669999999999913e-10 2.276586999999999916e-10 1.902395000000000026e-10 1.534747000000000129e-10 1.206241999999999876e-10 9.262520999999999524e-11 6.941312000000000059e-11 5.052157999999999807e-11 3.535587000000000170e-11 2.331373999999999876e-11 1.383352000000000021e-11 6.412674000000000267e-12 6.311348000000000018e-13 -3.821924999999999994e-12 -7.191320000000000098e-12 -9.719621999999999678e-12 2.631886999999999971e-10 2.727690000000000225e-10 2.869201000000000089e-10 3.053517000000000096e-10 3.272551000000000045e-10 3.508478999999999853e-10 3.727441999999999917e-10 3.867791000000000049e-10 3.794007000000000193e-10 3.363978000000000189e-10 2.794792999999999843e-10 2.233449000000000121e-10 1.729276000000000016e-10 1.297146000000000031e-10 9.367675999999999716e-11 6.415886999999999519e-11 4.029411999999999754e-11 2.119121999999999985e-11 6.011434000000000252e-12 -5.987523000000000033e-12 -1.540659000000000090e-11 -2.271127000000000123e-11 -2.832543999999999850e-11 -3.267424000000000033e-11
8.124288000000000175e-07 8.294236000000000077e-07 8.546786999999999702e-07 8.876060000000000403e-07 9.268353000000000037e-07 9.698624000000000012e-07 1.012908000000000086e-06 1.050372000000000004e-06 1.073014999999999924e-06 1.109304000000000018e-06 9.592885000000000736e-07 8.374958999999999786e-07 7.180708999999999531e-07 6.091772000000000135e-07 5.135316000000000004e-07 4.312481999999999824e-07 3.613094999999999836e-07 3.022792999999999796e-07 2.526495000000000152e-07 2.109802000000000114e-07 1.759711000000000000e-07 1.464698000000000031e-07 1.214530999999999879e-07 9.999080000000000092e-08 2.480725999999999856e-08 2.636822999999999881e-08 2.868264000000000054e-08 3.167925999999999882e-08 3.522295999999999765e-08 3.912629000000000221e-08 4.314243000000000153e-08 4.685404999999999993e-08 4.941531000000000231e-08 4.879699000000000025e-08 4.281149000000000267e-08 3.470443999999999891e-08 2.671671000000000048e-08 1.960674000000000130e-08 1.359775000000000012e-08 8.677981000000000579e-09 4.740121999999999774e-09 1.645276000000000099e-09 -7.467405000000000023e-10 -2.565328000000000057e-09 -3.924924000000000166e-09 -4.925199000000000003e-09 -5.653768999999999690e-09 -6.190745999999999913e-09 1.215637000000000028e-09 1.243452000000000102e-09 1.284441000000000073e-09 1.337469000000000027e-09 1.401017000000000064e-09 1.473165000000000051e-09 1.550708000000000101e-09 1.626885999999999918e-09 1.687118999999999952e-09 1.696348999999999929e-09 1.617203999999999992e-09 1.503690999999999910e-09 1.393179000000000034e-09 1.297715999999999906e-09 1.220317999999999963e-09 1.160175999999999986e-09 1.115019000000000035e-09 1.082182000000000100e-09 1.059076999999999899e-09 1.043379999999999968e-09 1.033076999999999988e-09 1.026435999999999990e-09 1.021954999999999910e-09 1.018375999999999917e-09 1.896486000000000052e-10 1.947197000000000085e-10 2.022185999999999938e-10 2.120707999999999942e-10 2.240766999999999982e-10 2.377908000000000098e-10 2.523915999999999869e-10 2.663591000000000217e-10 2.767012000000000060e-10 2.763572000000000019e-10 2.577813999999999945e-10 2.320495000000000112e-10 2.068050999999999965e-10 1.845587000000000060e-10 1.660066000000000055e-10 1.510689000000000128e-10 1.393588000000000027e-10 1.303944999999999885e-10 1.236947999999999935e-10 1.188156000000000028e-10 1.153596999999999977e-10 1.129808999999999965e-10 1.114010999999999996e-10 1.104166999999999998e-10 1.360970000000000006e-10 1.413709000000000014e-10 1.493376999999999888e-10 1.599758000000000050e-10 1.730158999999999991e-10 1.878385000000000075e-10 2.033788000000000050e-10 2.178064000000000111e-10 2.276586999999999916e-10 2.248075000000000015e-10 2.005161999999999998e-10 1.677362999999999908e-10 1.353733999999999918e-10 1.063910000000000026e-10 8.165988000000000081e-11 6.114568000000000407e-11 4.444791000000000099e-11 3.104634999999999847e-11 2.041235999999999927e-11 1.205023000000000004e-11 5.514718000000000211e-12 4.328759999999999823e-13 -3.471182000000000102e-12 -6.413439000000000012e-12 1.993740999999999940e-10 2.073676999999999942e-10 2.195483999999999881e-10 2.357896999999999762e-10 2.555712999999999775e-10 2.778790000000000182e-10 3.010492999999999935e-10 3.222817000000000225e-10 3.363978000000000189e-10 3.313635999999999909e-10 2.941357999999999843e-10 2.441339000000000166e-10 1.946280999999999930e-10 1.500907999999999921e-10 1.118870000000000010e-10 8.001426999999999970e-11 5.390508000000000117e-11 3.279822999999999847e-11 1.590989000000000098e-11 2.498778000000000038e-12 -8.093304000000000549e-12 -1.639807999999999953e-11 -2.282806000000000158e-11 -2.775932000000000131e-11
6.856161999999999477e-07 7.003644000000000321e-07 7.222211000000000375e-07 7.504858000000000034e-07 7.839092999999999850e-07 8.210072999999999642e-07 8.603150999999999769e-07 8.998394999999999758e-07 9.355661000000000464e-07 9.592885000000000736e-07 9.971988000000000501e-07 8.636771999999999697e-07 7.559441999999999671e-07 6.496329000000000123e-07 5.522801000000000115e-07 4.664863000000000152e-07 3.924698999999999746e-07 3.294055000000000177e-07 2.760591000000000159e-07 2.311111000000000028e-07 1.932952999999999878e-07 1.614565000000000005e-07 1.345661999999999996e-07 1.117157000000000029e-07 1.733223999999999970e-08 1.862551000000000013e-08 2.051044000000000098e-08 2.290704000000000075e-08 2.573840000000000037e-08 2.896510000000000041e-08 3.255309000000000261e-08 3.637422999999999920e-08 4.006436000000000288e-08 4.281149000000000267e-08 4.269916999999999866e-08 3.765095000000000139e-08 3.058445999999999883e-08 2.354715000000000052e-08 1.724561999999999902e-08 1.189893000000000039e-08 7.508770999999999402e-09 3.987060999999999990e-09 1.214849999999999998e-09 -9.303566000000000337e-10 -2.562585999999999902e-09 -3.782674999999999658e-09 -4.679065999999999608e-09 -5.330775000000000133e-09 1.138610000000000062e-09 1.160136999999999961e-09 1.191441999999999989e-09 1.231898000000000040e-09 1.281368000000000077e-09 1.340040000000000059e-09 1.407575000000000074e-09 1.481721999999999942e-09 1.556222000000000047e-09 1.617203999999999992e-09 1.631844999999999962e-09 1.564907000000000002e-09 1.465069999999999988e-09 1.366565000000000026e-09 1.280673000000000009e-09 1.210427999999999907e-09 1.155316999999999972e-09 1.113442999999999957e-09 1.082501999999999950e-09 1.060231999999999984e-09 1.044579999999999923e-09 1.033755000000000014e-09 1.026206000000000085e-09 1.020573000000000049e-09 1.667804999999999960e-10 1.707192999999999897e-10 1.766847000000000030e-10 1.846587999999999910e-10 1.945417000000000066e-10 2.061742999999999981e-10 2.193014999999999949e-10 2.333701000000000232e-10 2.471107999999999838e-10 2.577813999999999945e-10 2.588131999999999950e-10 2.430935999999999948e-10 2.205927999999999985e-10 1.982945000000000073e-10 1.785337999999999993e-10 1.619919000000000122e-10 1.486338000000000043e-10 1.381363000000000103e-10 1.300822000000000081e-10 1.240486999999999999e-10 1.196417999999999921e-10 1.165074999999999981e-10 1.143349000000000055e-10 1.128738000000000032e-10 1.037607999999999955e-10 1.079979000000000045e-10 1.145797999999999945e-10 1.234548000000000026e-10 1.344040000000000045e-10 1.471287000000000122e-10 1.612534000000000100e-10 1.761093000000000093e-10 1.902395000000000026e-10 2.005161999999999998e-10 1.993884000000000029e-10 1.786142000000000117e-10 1.498420999999999938e-10 1.211975000000000098e-10 9.542727999999999402e-11 7.337218999999999858e-11 5.504031000000000259e-11 4.009888000000000210e-11 2.809778999999999916e-11 1.857286999999999940e-11 1.108473999999999988e-11 5.235092000000000005e-12 6.902733999999999898e-13 -2.795639999999999991e-12 1.490356000000000028e-10 1.557575999999999978e-10 1.660504000000000090e-10 1.797485000000000126e-10 1.964646000000000052e-10 2.157029999999999891e-10 2.368445999999999991e-10 2.588368000000000217e-10 2.794792999999999843e-10 2.941357999999999843e-10 2.916479000000000243e-10 2.597103000000000187e-10 2.157771000000000096e-10 1.719400000000000029e-10 1.323302000000000090e-10 9.825521999999999863e-11 6.976813999999999437e-11 4.639847999999999759e-11 2.748765000000000072e-11 1.234697999999999956e-11 3.200978000000000116e-13 -9.180873999999999721e-12 -1.662983000000000044e-11 -2.239256000000000087e-11
