1.610097999999999996e-06 1.393506000000000037e-06 1.203640000000000050e-06 1.033723999999999973e-06 8.862982000000000238e-07 7.603697999999999879e-07 6.536466000000000345e-07 5.635595000000000377e-07 4.876632000000000280e-07 4.237752999999999976e-07 3.700034000000000030e-07 3.247235999999999948e-07 2.865138000000000096e-07 2.540267999999999914e-07 2.258354000000000054e-07 2.004107000000000040e-07 1.763693000000000122e-07 1.528486999999999915e-07 1.297338999999999968e-07 1.075661000000000039e-07 8.715964999999999525e-08 6.917272999999999342e-08 5.389770999999999751e-08 4.128871999999999678e-08 1.034738999999999985e-07 8.969846000000000129e-08 7.489799000000000349e-08 6.152961999999999375e-08 5.005322000000000223e-08 4.043657999999999852e-08 3.248554999999999935e-08 2.596706999999999934e-08 2.065574999999999952e-08 1.635003000000000046e-08 1.287520000000000037e-08 1.007906999999999961e-08 7.820879000000000492e-09 5.957860999999999843e-09 4.344567000000000306e-09 2.856056000000000131e-09 1.420074999999999979e-09 3.310391000000000248e-11 -1.252665000000000037e-09 -2.367080999999999966e-09 -3.260113999999999853e-09 -3.917563000000000402e-09 -4.355335000000000036e-09 -4.605612000000000411e-09 1.723618000000000075e-09 1.535895000000000102e-09 1.336817000000000017e-09 1.160864000000000097e-09 1.013836999999999960e-09 8.945347999999999910e-10 7.995904999999999801e-10 7.252152000000000249e-10 6.678352999999999923e-10 6.242882999999999978e-10 5.918187000000000296e-10 5.679655999999999975e-10 5.504307999999999766e-10 5.370604000000000286e-10 5.260201999999999699e-10 5.160640000000000079e-10 5.067004999999999709e-10 4.981097999999999874e-10 4.908202999999999579e-10 4.853284999999999542e-10 4.818558999999999635e-10 4.803022999999999948e-10 4.803314999999999972e-10 4.814947000000000082e-10 3.127945999999999799e-10 2.771607000000000188e-10 2.391058000000000202e-10 2.050598000000000015e-10 1.761296999999999982e-10 1.521491999999999899e-10 1.325562000000000091e-10 1.167076999999999939e-10 1.039910000000000031e-10 9.385038999999999669e-11 8.578478000000000638e-11 7.935262000000000282e-11 7.418619999999999503e-11 6.998811000000000317e-11 6.651614999999999421e-11 6.357031999999999726e-11 6.099473000000000419e-11 5.869906000000000171e-11 5.667235000000000257e-11 5.496265000000000148e-11 5.363117000000000320e-11 5.271073999999999881e-11 5.219058000000000156e-11 5.202411999999999865e-11 3.601003000000000205e-10 3.141402000000000253e-10 2.648472000000000075e-10 2.204069000000000115e-10 1.822526999999999987e-10 1.502159999999999908e-10 1.236263000000000004e-10 1.017034999999999994e-10 8.369362999999999908e-11 6.889987999999999782e-11 5.670191999999999877e-11 4.659322000000000167e-11 3.818558999999999986e-11 3.117338999999999951e-11 2.527707000000000066e-11 2.020115000000000021e-11 1.566488999999999950e-11 1.147963999999999934e-11 7.596282999999999733e-12 4.083979999999999729e-12 1.057383999999999970e-12 -1.397092000000000001e-12 -3.256132999999999894e-12 -4.554185000000000350e-12 5.173362999999999519e-10 4.513742999999999888e-10 3.805168000000000089e-10 3.164136000000000063e-10 2.611521000000000209e-10 2.145545999999999913e-10 1.757118999999999917e-10 1.435392000000000062e-10 1.169695000000000064e-10 9.501773999999999938e-11 7.684128999999999801e-11 6.177203000000000573e-11 4.928327999999999677e-11 3.892541000000000145e-11 3.023845999999999998e-11 2.272613000000000062e-11 1.593706000000000116e-11 9.578466999999999559e-12 3.574092999999999885e-12 -1.969615999999999955e-12 -6.866767999999999887e-12 -1.096042999999999957e-11 -1.418323999999999925e-11 -1.656026000000000036e-11
1.393506000000000037e-06 1.337654999999999943e-06 1.173458999999999999e-06 1.021662999999999928e-06 8.833320999999999507e-07 7.618950000000000339e-07 6.572857000000000502e-07 5.680587999999999542e-07 4.923570999999999586e-07 4.283139000000000142e-07 3.742055999999999875e-07 3.284739999999999805e-07 2.896585000000000258e-07 2.562951999999999907e-07 2.269196000000000013e-07 2.002520000000000120e-07 1.753996000000000005e-07 1.518717999999999875e-07 1.294839999999999966e-07 1.083266000000000060e-07 8.874585000000000451e-08 7.119305000000000367e-08 5.599814000000000118e-08 4.324556999999999752e-08 8.969846000000000129e-08 8.332615999999999921e-08 7.243974000000000198e-08 6.072950999999999784e-08 5.003163000000000210e-08 4.077050999999999759e-08 3.296435000000000229e-08 2.648441999999999900e-08 2.115854999999999990e-08 1.681243999999999990e-08 1.328323999999999931e-08 1.041838999999999963e-08 8.068918999999999979e-09 6.091158999999999976e-09 4.364332000000000186e-09 2.807493999999999818e-09 1.377886999999999959e-09 5.995250000000000571e-11 -1.138530999999999902e-09 -2.188926000000000181e-09 -3.056425000000000020e-09 -3.720052999999999913e-09 -4.181739999999999665e-09 -4.462222000000000145e-09 1.535895000000000102e-09 1.452544999999999971e-09 1.308340999999999959e-09 1.154895000000000074e-09 1.017866999999999997e-09 9.026877000000000033e-10 8.090209999999999714e-10 7.345411999999999987e-10 6.764015000000000242e-10 6.317799999999999628e-10 5.980293999999999656e-10 5.726803999999999532e-10 5.534764000000000265e-10 5.385035999999999601e-10 5.263173999999999965e-10 5.159615000000000075e-10 5.069076000000000208e-10 4.989932999999999668e-10 4.923366999999999590e-10 4.871783999999999728e-10 4.836927000000000455e-10 4.818681999999999553e-10 4.814947000000000082e-10 4.822258000000000037e-10 2.771607000000000188e-10 2.610009999999999862e-10 2.331732999999999996e-10 2.033574999999999877e-10 1.763622000000000023e-10 1.532346999999999961e-10 1.339654000000000108e-10 1.181750999999999883e-10 1.053759000000000006e-10 9.506859999999999418e-11 8.679168000000000525e-11 8.014909999999999985e-11 7.480341999999999955e-11 7.045332000000000337e-11 6.683802000000000604e-11 6.376592000000000018e-11 6.112145999999999430e-11 5.884094000000000030e-11 5.689259999999999852e-11 5.527242000000000128e-11 5.399704999999999760e-11 5.308436000000000222e-11 5.253249000000000126e-11 5.231212999999999997e-11 3.141402000000000253e-10 2.930248999999999980e-10 2.567589000000000117e-10 2.177403999999999877e-10 1.821062999999999887e-10 1.512160999999999934e-10 1.250941999999999990e-10 1.032896999999999944e-10 8.520119000000000240e-11 7.021960999999999870e-11 5.781319999999999765e-11 4.754218000000000291e-11 3.901571000000000319e-11 3.186241000000000216e-11 2.575406999999999873e-11 2.043970000000000064e-11 1.574275999999999905e-11 1.154329000000000059e-11 7.772347000000000385e-12 4.416920000000000126e-12 1.512507000000000070e-12 -8.889424000000000190e-13 -2.757371000000000166e-12 -4.104288999999999901e-12 4.513742999999999888e-10 4.209058999999999827e-10 3.686198000000000033e-10 3.123106999999999956e-10 2.607237999999999760e-10 2.158281000000000077e-10 1.776996999999999990e-10 1.457212999999999898e-10 1.190573999999999988e-10 9.688412999999999866e-11 7.848845999999999492e-11 6.324949000000000417e-11 5.058882000000000052e-11 3.996419999999999808e-11 3.089955000000000317e-11 2.299961999999999848e-11 1.595789999999999847e-11 9.568186999999999324e-12 3.727454000000000123e-12 -1.570489999999999905e-12 -6.257393000000000376e-12 -1.023845999999999957e-11 -1.344764000000000065e-11 -1.587983999999999911e-11
1.203640000000000050e-06 1.173458999999999999e-06 1.126116999999999945e-06 9.979832000000000607e-07 8.757566999999999952e-07 7.624479000000000070e-07 6.617645999999999752e-07 5.742472999999999966e-07 4.990749999999999608e-07 4.349324000000000148e-07 3.803722999999999894e-07 3.339213000000000190e-07 2.940724000000000095e-07 2.593291999999999899e-07 2.283940000000000002e-07 2.003593000000000040e-07 1.747064999999999901e-07 1.511378999999999944e-07 1.294136999999999937e-07 1.093208999999999979e-07 9.077500000000000386e-08 7.389964999999999430e-08 5.893931999999999867e-08 4.607969000000000014e-08 7.489799000000000349e-08 7.243974000000000198e-08 6.742249999999999377e-08 5.896507000000000140e-08 4.970274999999999817e-08 4.111178999999999706e-08 3.359528000000000064e-08 2.721251999999999941e-08 2.188617999999999938e-08 1.748910000000000074e-08 1.387735999999999973e-08 1.090039000000000024e-08 8.410580000000000129e-09 6.282773999999999836e-09 4.430985000000000286e-09 2.805817999999999916e-09 1.377489999999999965e-09 1.207994000000000016e-10 -9.870145000000000765e-10 -1.956658999999999829e-09 -2.780356999999999977e-09 -3.440890000000000098e-09 -3.928132999999999881e-09 -4.247871999999999949e-09 1.336817000000000017e-09 1.308340999999999959e-09 1.246194999999999955e-09 1.137703999999999942e-09 1.019657999999999954e-09 9.126652999999999627e-10 8.219582999999999987e-10 7.478765999999999566e-10 6.888723000000000304e-10 6.427251000000000018e-10 6.070310999999999595e-10 5.794602999999999744e-10 5.579788000000000005e-10 5.410082000000000219e-10 5.274353999999999714e-10 5.164886000000000108e-10 5.075917999999999552e-10 5.003026999999999499e-10 4.943441999999999647e-10 4.896301999999999539e-10 4.861987999999999651e-10 4.840806999999999618e-10 4.831970000000000221e-10 4.833388999999999676e-10 2.391058000000000202e-10 2.331732999999999996e-10 2.206943999999999963e-10 1.993131999999999937e-10 1.759438999999999915e-10 1.544563000000000118e-10 1.358567999999999976e-10 1.202449000000000011e-10 1.073626999999999993e-10 9.683558999999999895e-11 8.828465000000000025e-11 8.136150000000000385e-11 7.574553000000000148e-11 7.114710000000000084e-11 6.732568000000000237e-11 6.410848000000000029e-11 6.139212999999999601e-11 5.911723000000000214e-11 5.723676999999999745e-11 5.570751999999999728e-11 5.450088000000000314e-11 5.360706999999999808e-11 5.302302999999999929e-11 5.273564000000000045e-11 2.648472000000000075e-10 2.567589000000000117e-10 2.401043000000000039e-10 2.118712999999999888e-10 1.809231000000000129e-10 1.522026000000000034e-10 1.270087999999999885e-10 1.054889999999999937e-10 8.734550000000000097e-11 7.215909999999999693e-11 5.951236000000000189e-11 4.900244999999999786e-11 4.022986000000000282e-11 3.281179999999999959e-11 2.642694999999999979e-11 2.086074000000000023e-11 1.599768000000000136e-11 1.176358000000000025e-11 8.083951000000000680e-12 4.887707999999999634e-12 2.132423000000000031e-12 -1.848984000000000101e-13 -2.047149000000000045e-12 -3.447493000000000000e-12 3.805168000000000089e-10 3.686198000000000033e-10 3.443992000000000239e-10 3.035210000000000110e-10 2.587062999999999879e-10 2.169955999999999936e-10 1.802562000000000098e-10 1.487311000000000015e-10 1.220504000000000059e-10 9.966729999999999558e-11 8.099919999999999518e-11 6.545367999999999581e-11 5.243775000000000201e-11 4.139139999999999910e-11 3.185528000000000278e-11 2.352023999999999955e-11 1.619574999999999872e-11 9.743751999999999496e-12 4.044388000000000356e-12 -9.978038000000000220e-13 -5.430620000000000139e-12 -9.246779999999999501e-12 -1.240954999999999936e-11 -1.489445999999999912e-11
1.033723999999999973e-06 1.021662999999999928e-06 9.979832000000000607e-07 9.611097000000000317e-07 8.591443000000000363e-07 7.595093999999999969e-07 6.656683999999999708e-07 5.813194999999999532e-07 5.073510999999999670e-07 4.433373999999999898e-07 3.882521999999999857e-07 3.407651000000000131e-07 2.994348000000000232e-07 2.629568000000000058e-07 2.303749000000000044e-07 2.011019999999999964e-07 1.747814000000000036e-07 1.511317999999999954e-07 1.298516999999999874e-07 1.105969999999999943e-07 9.303917999999999469e-08 7.698749000000000377e-08 6.246657999999999792e-08 4.963749999999999697e-08 6.152961999999999375e-08 6.072950999999999784e-08 5.896507000000000140e-08 5.521398999999999743e-08 4.862349000000000204e-08 4.122393999999999982e-08 3.424991999999999995e-08 2.808049000000000133e-08 2.279740000000000071e-08 1.835022999999999940e-08 1.462787000000000028e-08 1.149693999999999938e-08 8.834049999999999288e-09 6.548036000000000031e-09 4.581227999999999682e-09 2.895920999999999972e-09 1.460334000000000098e-09 2.408659999999999828e-10 -7.990140999999999778e-10 -1.692961999999999928e-09 -2.460681000000000139e-09 -3.102158000000000156e-09 -3.606346999999999934e-09 -3.966373000000000361e-09 1.160864000000000097e-09 1.154895000000000074e-09 1.137703999999999942e-09 1.094415000000000092e-09 1.012772999999999931e-09 9.210941000000000360e-10 8.365983999999999924e-10 7.642232999999999908e-10 7.046348999999999859e-10 6.566722000000000477e-10 6.184847999999999982e-10 5.881577999999999849e-10 5.640575000000000449e-10 5.449389999999999728e-10 5.298803000000000277e-10 5.181521999999999925e-10 5.091075999999999719e-10 5.021362000000000139e-10 4.966996999999999572e-10 4.924177999999999619e-10 4.891147999999999579e-10 4.867619999999999989e-10 4.853573000000000358e-10 4.848259000000000060e-10 2.050598000000000015e-10 2.033574999999999877e-10 1.993131999999999937e-10 1.901876000000000020e-10 1.737087999999999927e-10 1.552019000000000025e-10 1.378944000000000083e-10 1.227196999999999986e-10 1.098359000000000038e-10 9.909549000000000632e-11 9.024034999999999847e-11 8.297601000000000441e-11 7.701169999999999991e-11 7.209349999999999770e-11 6.802166000000000321e-11 6.464648999999999427e-11 6.185679000000000183e-11 5.957145000000000422e-11 5.772583999999999993e-11 5.625785000000000105e-11 5.510981999999999711e-11 5.424147000000000031e-11 5.363431999999999920e-11 5.328006999999999756e-11 2.204069000000000115e-10 2.177403999999999877e-10 2.118712999999999888e-10 1.993375000000000109e-10 1.772389000000000113e-10 1.524001999999999976e-10 1.289351999999999913e-10 1.080519000000000025e-10 9.000686000000000448e-11 7.467677999999999676e-11 6.177601000000000265e-11 5.094337000000000086e-11 4.180139000000000148e-11 3.401180999999999864e-11 2.731093000000000104e-11 2.151555999999999965e-11 1.651205999999999982e-11 1.222708999999999975e-11 8.586599999999999783e-12 5.499847000000000122e-12 2.877555999999999820e-12 6.602244000000000034e-13 -1.170909999999999905e-12 -2.611110999999999939e-12 3.164136000000000063e-10 3.123106999999999956e-10 3.035210000000000110e-10 2.851494999999999881e-10 2.530271000000000102e-10 2.169418000000000077e-10 1.827550000000000063e-10 1.522323999999999902e-10 1.257968999999999888e-10 1.032956999999999941e-10 8.431365000000000435e-11 6.832123000000000210e-11 5.476864999999999807e-11 4.316278999999999768e-11 3.311910000000000173e-11 2.438019999999999986e-11 1.679358999999999893e-11 1.024702000000000050e-11 4.616499999999999968e-12 -2.369410000000000200e-13 -4.438501000000000294e-12 -8.066716000000000299e-12 -1.114275000000000076e-11 -1.365265000000000080e-11
8.862982000000000238e-07 8.833320999999999507e-07 8.757566999999999952e-07 8.591443000000000363e-07 8.315083999999999788e-07 7.489805000000000409e-07 6.666454000000000463e-07 5.879409000000000445e-07 5.163979000000000504e-07 4.529952999999999906e-07 3.973830999999999977e-07 3.485860000000000219e-07 3.055002000000000134e-07 2.672240999999999768e-07 2.331437000000000100e-07 2.028387000000000043e-07 1.759619000000000055e-07 1.521681000000000085e-07 1.310909000000000003e-07 1.123384000000000049e-07 9.550394000000000015e-08 8.022531000000000490e-08 6.628852999999999463e-08 5.368915000000000004e-08 5.005322000000000223e-08 5.003163000000000210e-08 4.970274999999999817e-08 4.862349000000000204e-08 4.588701000000000241e-08 4.070166000000000025e-08 3.470935000000000236e-08 2.896647000000000037e-08 2.381798999999999873e-08 1.934151000000000138e-08 1.549255000000000064e-08 1.218698000000000045e-08 9.347184000000000010e-09 6.915667999999999739e-09 4.848852000000000080e-09 3.107732000000000203e-09 1.652929999999999999e-09 4.436711999999999992e-10 -5.618265999999999632e-10 -1.404806999999999903e-09 -2.120757999999999802e-09 -2.730474999999999921e-09 -3.235677999999999918e-09 -3.626921000000000032e-09 1.013836999999999960e-09 1.017866999999999997e-09 1.019657999999999954e-09 1.012772999999999931e-09 9.840471000000000356e-10 9.221071000000000406e-10 8.498091000000000076e-10 7.818249000000000057e-10 7.226158000000000391e-10 6.729374999999999832e-10 6.320427999999999838e-10 5.987618999999999938e-10 5.719647000000000070e-10 5.506778000000000275e-10 5.340568999999999572e-10 5.213324000000000391e-10 5.117747999999999603e-10 5.046829999999999828e-10 4.993993999999999660e-10 4.953626999999999649e-10 4.921846999999999992e-10 4.896853999999999725e-10 4.878345000000000487e-10 4.866389999999999777e-10 1.761296999999999982e-10 1.763622000000000023e-10 1.759438999999999915e-10 1.737087999999999927e-10 1.672323000000000099e-10 1.543987000000000037e-10 1.394954999999999967e-10 1.252763999999999956e-10 1.126249000000000057e-10 1.017608000000000024e-10 9.260624999999999751e-11 8.496174000000000588e-11 7.860367999999999693e-11 7.333360000000000410e-11 6.898947000000000330e-11 6.543589000000000139e-11 6.255212000000000226e-11 6.023024000000000448e-11 5.838062000000000534e-11 5.692875999999999905e-11 5.580657000000000300e-11 5.495462999999999886e-11 5.433261000000000228e-11 5.392225999999999888e-11 1.822526999999999987e-10 1.821062999999999887e-10 1.809231000000000129e-10 1.772389000000000113e-10 1.679841000000000124e-10 1.504509000000000103e-10 1.301396000000000042e-10 1.105964000000000008e-10 9.299913999999999666e-11 7.766801000000000320e-11 6.452009000000000079e-11 5.329909999999999692e-11 4.371182999999999995e-11 3.550235999999999899e-11 2.847065000000000006e-11 2.245792999999999981e-11 1.733168999999999963e-11 1.298543000000000034e-11 9.332088000000000130e-12 6.282481999999999644e-12 3.737035999999999708e-12 1.603110000000000022e-12 -1.805683000000000102e-13 -1.635312999999999941e-12 2.611521000000000209e-10 2.607237999999999760e-10 2.587062999999999879e-10 2.530271000000000102e-10 2.393351000000000124e-10 2.137430000000000032e-10 1.841701000000000018e-10 1.556973999999999880e-10 1.300178000000000036e-10 1.075886999999999994e-10 8.828808999999999564e-11 7.174822999999999709e-11 5.754746999999999773e-11 4.531457999999999734e-11 3.475971999999999802e-11 2.566049999999999956e-11 1.784493999999999848e-11 1.117831000000000066e-11 5.532015000000000031e-12 7.600329000000000017e-13 -3.292347999999999857e-12 -6.759492000000000254e-12 -9.726494000000000378e-12 -1.222066999999999987e-11
7.603697999999999879e-07 7.618950000000000339e-07 7.624479000000000070e-07 7.595093999999999969e-07 7.489805000000000409e-07 7.288035000000000052e-07 6.609482000000000342e-07 5.919242999999999504e-07 5.248910000000000115e-07 4.629921999999999787e-07 4.070806000000000222e-07 3.569720000000000019e-07 3.122034999999999938e-07 2.723411999999999744e-07 2.370099000000000106e-07 2.058419000000000057e-07 1.784463000000000115e-07 1.544118000000000089e-07 1.333197999999999945e-07 1.147536000000000013e-07 9.830084999999999974e-08 8.355969000000000223e-08 7.018311000000000250e-08 5.796634000000000024e-08 4.043657999999999852e-08 4.077050999999999759e-08 4.111178999999999706e-08 4.122393999999999982e-08 4.070166000000000025e-08 3.873844000000000049e-08 3.460383000000000209e-08 2.966255000000000114e-08 2.482030999999999946e-08 2.037957999999999964e-08 1.642626000000000114e-08 1.296381000000000013e-08 9.970236000000000063e-09 7.414280999999999659e-09 5.257944000000000181e-09 3.458025999999999862e-09 1.968826000000000083e-09 7.446676000000000352e-10 -2.585685999999999853e-10 -1.083020999999999956e-09 -1.768308000000000052e-09 -2.347592999999999877e-09 -2.839761999999999938e-09 -3.246020999999999828e-09 8.945347999999999910e-10 9.026877000000000033e-10 9.126652999999999627e-10 9.210941000000000360e-10 9.221071000000000406e-10 9.039892999999999815e-10 8.562011000000000410e-10 7.976805999999999637e-10 7.410853999999999522e-10 6.905921000000000393e-10 6.473661000000000068e-10 6.113408000000000278e-10 5.819740999999999704e-10 5.585401999999999775e-10 5.402422999999999967e-10 5.262673999999999812e-10 5.158222999999999921e-10 5.081568000000000458e-10 5.025735000000000326e-10 4.984428999999999808e-10 4.952443999999999943e-10 4.926275000000000134e-10 4.904404000000000386e-10 4.886723999999999678e-10 1.521491999999999899e-10 1.532346999999999961e-10 1.544563000000000118e-10 1.552019000000000025e-10 1.543987000000000037e-10 1.498761000000000011e-10 1.396775000000000070e-10 1.273955999999999876e-10 1.154535000000000036e-10 1.046756000000000004e-10 9.529291999999999378e-11 8.728270999999999534e-11 8.053320000000000424e-11 7.491220000000000628e-11 7.028735999999999829e-11 6.652911999999999794e-11 6.351046999999999565e-11 6.110892999999999900e-11 5.921342000000000478e-11 5.773260999999999829e-11 5.659293000000000006e-11 5.572974000000000281e-11 5.508848000000000197e-11 5.463313999999999959e-11 1.502159999999999908e-10 1.512160999999999934e-10 1.522026000000000034e-10 1.524001999999999976e-10 1.504509000000000103e-10 1.436109999999999914e-10 1.294123000000000050e-10 1.124984999999999993e-10 9.598200999999999806e-11 8.091948000000000045e-11 6.760253999999999721e-11 5.599736000000000162e-11 4.596313999999999877e-11 3.734279999999999796e-11 2.998584999999999991e-11 2.374679999999999975e-11 1.848192999999999979e-11 1.405465999999999941e-11 1.034946000000000021e-11 7.271966000000000278e-12 4.730950999999999922e-12 2.630288999999999921e-12 8.832378000000000233e-13 -5.665788999999999659e-13 2.145545999999999913e-10 2.158281000000000077e-10 2.169955999999999936e-10 2.169418000000000077e-10 2.137430000000000032e-10 2.035379000000000050e-10 1.828112999999999878e-10 1.582262000000000093e-10 1.341948000000000090e-10 1.122134000000000041e-10 9.270325999999999530e-11 7.562188000000000573e-11 6.077034000000000296e-11 4.792630999999999877e-11 3.688068999999999721e-11 2.743480000000000100e-11 1.939544000000000000e-11 1.258508000000000033e-11 6.851921999999999690e-12 2.053549999999999868e-12 -1.960724000000000037e-12 -5.342443999999999889e-12 -8.219105999999999411e-12 -1.067030000000000069e-11
6.536466000000000345e-07 6.572857000000000502e-07 6.617645999999999752e-07 6.656683999999999708e-07 6.666454000000000463e-07 6.609482000000000342e-07 6.465463000000000010e-07 5.897572999999999549e-07 5.306398000000000080e-07 4.719137000000000232e-07 4.165034000000000025e-07 3.655971000000000067e-07 3.195968000000000154e-07 2.785292000000000030e-07 2.421998000000000007e-07 2.102731000000000117e-07 1.823340999999999889e-07 1.579365000000000061e-07 1.366329000000000111e-07 1.179945999999999970e-07 1.016153000000000033e-07 8.710592000000000023e-08 7.409387000000000648e-08 6.226233999999999450e-08 3.248554999999999935e-08 3.296435000000000229e-08 3.359528000000000064e-08 3.424991999999999995e-08 3.470935000000000236e-08 3.460383000000000209e-08 3.320246999999999939e-08 2.981690999999999935e-08 2.559877999999999915e-08 2.135097000000000077e-08 1.738317999999999870e-08 1.382542999999999948e-08 1.071994000000000010e-08 8.061993999999999406e-09 5.821176999999999822e-09 3.954363000000000110e-09 2.413815999999999805e-09 1.151992999999999994e-09 1.239399999999999877e-10 -7.121042999999999767e-10 -1.395024000000000042e-09 -1.960569000000000077e-09 -2.438332999999999918e-09 -2.844838000000000056e-09 7.995904999999999801e-10 8.090209999999999714e-10 8.219582999999999987e-10 8.365983999999999924e-10 8.498091000000000076e-10 8.562011000000000410e-10 8.451328999999999488e-10 8.067730000000000222e-10 7.573512000000000471e-10 7.083311000000000129e-10 6.639892999999999831e-10 6.258787000000000134e-10 5.942483999999999970e-10 5.687137000000000355e-10 5.485926999999999971e-10 5.330889000000000284e-10 5.213927999999999575e-10 5.127358999999999644e-10 5.064121999999999896e-10 5.017830000000000238e-10 4.982819000000000472e-10 4.954495000000000271e-10 4.929853000000000223e-10 4.907712000000000226e-10 1.325562000000000091e-10 1.339654000000000108e-10 1.358567999999999976e-10 1.378944000000000083e-10 1.394954999999999967e-10 1.396775000000000070e-10 1.365071999999999885e-10 1.282047000000000060e-10 1.178491000000000092e-10 1.075785999999999980e-10 9.816847999999999692e-11 8.989496000000000614e-11 8.280990000000000321e-11 7.686255000000000513e-11 7.195371000000000360e-11 6.796249999999999925e-11 6.476136000000000103e-11 6.222430999999999944e-11 6.023210000000000545e-11 5.867916999999999704e-11 5.748053999999999975e-11 5.656923999999999898e-11 5.588740999999999804e-11 5.538688999999999685e-11 1.236263000000000004e-10 1.250941999999999990e-10 1.270087999999999885e-10 1.289351999999999913e-10 1.301396000000000042e-10 1.294123000000000050e-10 1.243417000000000060e-10 1.126722000000000005e-10 9.834615000000000216e-11 8.407312999999999762e-11 7.082857999999999707e-11 5.896572999999999496e-11 4.856469999999999722e-11 3.958235999999999937e-11 3.191583000000000134e-11 2.543283000000000160e-11 1.998883999999999947e-11 1.543785999999999941e-11 1.164315000000000053e-11 8.491255999999999215e-12 5.891759999999999929e-12 3.759875999999999639e-12 2.008083000000000179e-12 5.586323000000000288e-13 1.757118999999999917e-10 1.776996999999999990e-10 1.802562000000000098e-10 1.827550000000000063e-10 1.841701000000000018e-10 1.828112999999999878e-10 1.752586999999999968e-10 1.582529999999999962e-10 1.374308000000000069e-10 1.166384000000000043e-10 9.726658999999999984e-11 7.982748999999999593e-11 6.444522000000000113e-11 5.107068000000000267e-11 3.957099000000000161e-11 2.977027999999999783e-11 2.147221999999999996e-11 1.447681999999999930e-11 8.600964000000000428e-12 3.691159999999999794e-12 -3.913345999999999893e-13 -3.787685000000000334e-12 -6.636966999999999623e-12 -9.054472000000000236e-12
5.635595000000000377e-07 5.680587999999999542e-07 5.742472999999999966e-07 5.813194999999999532e-07 5.879409000000000445e-07 5.919242999999999504e-07 5.897572999999999549e-07 5.793217999999999935e-07 5.302242999999999736e-07 4.777357000000000074e-07 4.246398999999999774e-07 3.741120000000000084e-07 3.276696000000000001e-07 2.858860000000000230e-07 2.488063999999999799e-07 2.161903000000000085e-07 1.876559000000000042e-07 1.627649999999999887e-07 1.410720000000000075e-07 1.221491000000000095e-07 1.055963999999999965e-07 9.104050999999999708e-08 7.812819999999999414e-08 6.652256999999999479e-08 2.596706999999999934e-08 2.648441999999999900e-08 2.721251999999999941e-08 2.808049000000000133e-08 2.896647000000000037e-08 2.966255000000000114e-08 2.981690999999999935e-08 2.875214999999999981e-08 2.583453999999999835e-08 2.209687000000000085e-08 1.829833999999999867e-08 1.475366000000000011e-08 1.159555000000000056e-08 8.861592999999999510e-09 6.540550999999999617e-09 4.597855999999999637e-09 2.989530000000000119e-09 1.669635000000000098e-09 5.939144999999999553e-10 -2.786589999999999887e-10 -9.855181999999999686e-10 -1.561308000000000043e-09 -2.037866000000000085e-09 -2.441276000000000039e-09 7.252152000000000249e-10 7.345411999999999987e-10 7.478765999999999566e-10 7.642232999999999908e-10 7.818249000000000057e-10 7.976805999999999637e-10 8.067730000000000222e-10 7.995177000000000380e-10 7.671048999999999780e-10 7.240729999999999872e-10 6.810178000000000138e-10 6.420615000000000167e-10 6.087200000000000445e-10 5.812165000000000060e-10 5.591518000000000336e-10 5.418558000000000346e-10 5.285718999999999498e-10 5.185512000000000032e-10 5.110968000000000377e-10 5.055777000000000170e-10 5.014288999999999537e-10 4.981537999999999512e-10 4.953535000000000307e-10 4.927735999999999536e-10 1.167076999999999939e-10 1.181750999999999883e-10 1.202449000000000011e-10 1.227196999999999986e-10 1.252763999999999956e-10 1.273955999999999876e-10 1.282047000000000060e-10 1.259590999999999947e-10 1.190077000000000015e-10 1.100471999999999966e-10 1.010297999999999999e-10 9.271935999999999641e-11 8.541651000000000234e-11 7.919211999999999598e-11 7.400320000000000197e-11 6.975333999999999407e-11 6.632500000000000102e-11 6.359648000000000247e-11 6.145022000000000268e-11 5.977678000000000169e-11 5.848068000000000603e-11 5.748584000000000257e-11 5.673294999999999768e-11 5.617125000000000261e-11 1.017034999999999994e-10 1.032896999999999944e-10 1.054889999999999937e-10 1.080519000000000025e-10 1.105964000000000008e-10 1.124984999999999993e-10 1.126722000000000005e-10 1.089002000000000056e-10 9.905388000000000040e-11 8.656890999999999569e-11 7.392394999999999421e-11 6.209923000000000539e-11 5.149863999999999997e-11 4.223786999999999923e-11 3.428670000000000010e-11 2.754377000000000109e-11 2.187723999999999938e-11 1.714602999999999939e-11 1.321106999999999936e-11 9.944756000000000645e-12 7.242929999999999714e-12 5.023892000000000258e-12 3.212091000000000071e-12 1.729487999999999991e-12 1.435392000000000062e-10 1.457212999999999898e-10 1.487311000000000015e-10 1.522323999999999902e-10 1.556973999999999880e-10 1.582262000000000093e-10 1.582529999999999962e-10 1.526124999999999990e-10 1.382375999999999901e-10 1.200499000000000085e-10 1.015719000000000026e-10 8.420578000000000594e-11 6.854533999999999679e-11 5.477633999999999760e-11 4.287435000000000017e-11 3.270903999999999772e-11 2.410158000000000038e-11 1.685605000000000147e-11 1.077824000000000073e-11 5.694458000000000009e-12 1.462440999999999948e-12 -2.044195000000000056e-12 -4.952577000000000173e-12 -7.387561999999999617e-12
4.876632000000000280e-07 4.923570999999999586e-07 4.990749999999999608e-07 5.073510999999999670e-07 5.163979000000000504e-07 5.248910000000000115e-07 5.306398000000000080e-07 5.302242999999999736e-07 5.216350000000000252e-07 4.775909000000000126e-07 4.300448999999999918e-07 3.818785999999999795e-07 3.361619000000000239e-07 2.943022000000000213e-07 2.567733999999999877e-07 2.235570999999999869e-07 1.943877999999999958e-07 1.688899999999999989e-07 1.466521000000000007e-07 1.272649000000000029e-07 1.103392000000000038e-07 9.551506999999999450e-08 8.245693000000000593e-08 7.084587000000000280e-08 2.065574999999999952e-08 2.115854999999999990e-08 2.188617999999999938e-08 2.279740000000000071e-08 2.381798999999999873e-08 2.482030999999999946e-08 2.559877999999999915e-08 2.583453999999999835e-08 2.493884000000000112e-08 2.236363999999999868e-08 1.905020999999999930e-08 1.569083000000000009e-08 1.256854000000000052e-08 9.797869000000000714e-09 7.407575999999999732e-09 5.384150000000000272e-09 3.694787000000000096e-09 2.299324999999999812e-09 1.156439000000000084e-09 2.268288000000000119e-10 -5.258294999999999780e-10 -1.134717000000000063e-09 -1.630440999999999912e-09 -2.041160000000000011e-09 6.678352999999999923e-10 6.764015000000000242e-10 6.888723000000000304e-10 7.046348999999999859e-10 7.226158000000000391e-10 7.410853999999999522e-10 7.573512000000000471e-10 7.671048999999999780e-10 7.619963000000000149e-10 7.341741999999999523e-10 6.966599999999999497e-10 6.590200999999999957e-10 6.249709999999999711e-10 5.958542999999999904e-10 5.718438999999999633e-10 5.525639000000000051e-10 5.374074000000000068e-10 5.256989000000000157e-10 5.167751000000000387e-10 5.100228000000000268e-10 5.048888000000000319e-10 5.008788999999999918e-10 4.975589000000000487e-10 4.945816999999999859e-10 1.039910000000000031e-10 1.053759000000000006e-10 1.073626999999999993e-10 1.098359000000000038e-10 1.126249000000000057e-10 1.154535000000000036e-10 1.178491000000000092e-10 1.190077000000000015e-10 1.173492999999999972e-10 1.113795999999999961e-10 1.035298000000000042e-10 9.559217999999999466e-11 8.827930999999999373e-11 8.186949000000000035e-11 7.642465999999999477e-11 7.190165000000000110e-11 6.820996999999999839e-11 6.524187999999999867e-11 6.288723999999999851e-11 6.104054999999999763e-11 5.960403000000000609e-11 5.849252999999999653e-11 5.763878000000000090e-11 5.699077999999999963e-11 8.369362999999999908e-11 8.520119000000000240e-11 8.734550000000000097e-11 9.000686000000000448e-11 9.299913999999999666e-11 9.598200999999999806e-11 9.834615000000000216e-11 9.905388000000000040e-11 9.608109000000000172e-11 8.750662000000000382e-11 7.644590000000000327e-11 6.519415000000000125e-11 5.467783999999999918e-11 4.527519999999999917e-11 3.708809999999999986e-11 3.008207999999999979e-11 2.415902000000000019e-11 1.919558000000000008e-11 1.506221999999999961e-11 1.163268999999999978e-11 8.792106999999999263e-12 6.447695999999999792e-12 4.527221000000000345e-12 2.963689999999999865e-12 1.169695000000000064e-10 1.190573999999999988e-10 1.220504000000000059e-10 1.257968999999999888e-10 1.300178000000000036e-10 1.341948000000000090e-10 1.374308000000000069e-10 1.382375999999999901e-10 1.337355000000000083e-10 1.211599999999999983e-10 1.049780000000000044e-10 8.846178999999999681e-11 7.294772999999999900e-11 5.899837000000000561e-11 4.677933999999999927e-11 3.625599999999999738e-11 2.729788999999999891e-11 1.973422999999999840e-11 1.338259999999999995e-11 8.065454999999999382e-12 3.625739000000000087e-12 -6.370371999999999535e-14 -3.115315999999999809e-12 -5.642841000000000391e-12
4.237752999999999976e-07 4.283139000000000142e-07 4.349324000000000148e-07 4.433373999999999898e-07 4.529952999999999906e-07 4.629921999999999787e-07 4.719137000000000232e-07 4.777357000000000074e-07 4.775909000000000126e-07 4.700201000000000148e-07 4.303688999999999886e-07 3.876305999999999903e-07 3.443903000000000051e-07 3.033929999999999957e-07 2.658750000000000167e-07 2.322382000000000023e-07 2.024526999999999901e-07 1.762757000000000066e-07 1.533701999999999872e-07 1.333678999999999882e-07 1.159043000000000064e-07 1.006326000000000034e-07 8.723017000000000215e-08 7.539746999999999441e-08 1.635003000000000046e-08 1.681243999999999990e-08 1.748910000000000074e-08 1.835022999999999940e-08 1.934151000000000138e-08 2.037957999999999964e-08 2.135097000000000077e-08 2.209687000000000085e-08 2.236363999999999868e-08 2.163611000000000130e-08 1.940778000000000016e-08 1.651339999999999883e-08 1.357110999999999988e-08 1.083299000000000025e-08 8.401328999999999248e-09 6.302439999999999590e-09 4.525125000000000129e-09 3.040935000000000108e-09 1.814939000000000033e-09 8.109797000000000342e-10 -5.532894999999999922e-12 -6.665341999999999667e-10 -1.201267999999999909e-09 -1.636821000000000049e-09 6.242882999999999978e-10 6.317799999999999628e-10 6.427251000000000018e-10 6.566722000000000477e-10 6.729374999999999832e-10 6.905921000000000393e-10 7.083311000000000129e-10 7.240729999999999872e-10 7.341741999999999523e-10 7.311031000000000455e-10 7.075163000000000128e-10 6.749723000000000060e-10 6.420623999999999934e-10 6.121410000000000268e-10 5.864359000000000304e-10 5.651285999999999586e-10 5.479071000000000300e-10 5.342485999999999577e-10 5.235673999999999802e-10 5.152859999999999513e-10 5.088691000000000455e-10 5.038326000000000082e-10 4.997425000000000452e-10 4.962169000000000135e-10 9.385038999999999669e-11 9.506859999999999418e-11 9.683558999999999895e-11 9.909549000000000632e-11 1.017608000000000024e-10 1.046756000000000004e-10 1.075785999999999980e-10 1.100471999999999966e-10 1.113795999999999961e-10 1.101676999999999964e-10 1.050447000000000054e-10 9.819216999999999801e-11 9.123136000000000113e-11 8.480794999999999508e-11 7.917462999999999380e-11 7.438875000000000329e-11 7.041338999999999790e-11 6.716911000000000236e-11 6.456100000000000329e-11 6.249169999999999473e-11 6.086767000000000453e-11 5.960205000000000047e-11 5.861924000000000095e-11 5.785980000000000191e-11 6.889987999999999782e-11 7.021960999999999870e-11 7.215909999999999693e-11 7.467677999999999676e-11 7.766801000000000320e-11 8.091948000000000045e-11 8.407312999999999762e-11 8.656890999999999569e-11 8.750662000000000382e-11 8.510060999999999881e-11 7.761309999999999692e-11 6.785168000000000397e-11 5.789687999999999715e-11 4.858796000000000212e-11 4.026634999999999997e-11 3.302368999999999699e-11 2.682923000000000078e-11 2.159558999999999886e-11 1.721302999999999900e-11 1.356636000000000037e-11 1.054346000000000039e-11 8.042063000000000687e-12 5.979723000000000005e-12 4.292879000000000009e-12 9.501773999999999938e-11 9.688412999999999866e-11 9.966729999999999558e-11 1.032956999999999941e-10 1.075886999999999994e-10 1.122134000000000041e-10 1.166384000000000043e-10 1.200499000000000085e-10 1.211599999999999983e-10 1.174323000000000113e-10 1.063760999999999962e-10 9.202801000000000582e-11 7.736058999999999641e-11 6.358565999999999909e-11 5.120863000000000088e-11 4.037516999999999748e-11 3.105154000000000241e-11 2.311934999999999963e-11 1.642560000000000142e-11 1.080731000000000073e-11 6.106290999999999997e-12 2.182736999999999931e-12 -1.076342999999999951e-12 -3.770292999999999796e-12
3.700034000000000030e-07 3.742055999999999875e-07 3.803722999999999894e-07 3.882521999999999857e-07 3.973830999999999977e-07 4.070806000000000222e-07 4.165034000000000025e-07 4.246398999999999774e-07 4.300448999999999918e-07 4.303688999999999886e-07 4.243250000000000095e-07 3.890999000000000179e-07 3.510360999999999864e-07 3.123967000000000117e-07 2.756655000000000143e-07 2.419741999999999778e-07 2.117049000000000100e-07 1.848485999999999947e-07 1.612004000000000093e-07 1.404688000000000011e-07 1.223307000000000089e-07 1.064623999999999991e-07 9.255672000000000296e-08 8.032746999999999951e-08 1.287520000000000037e-08 1.328323999999999931e-08 1.387735999999999973e-08 1.462787000000000028e-08 1.549255000000000064e-08 1.642626000000000114e-08 1.738317999999999870e-08 1.829833999999999867e-08 1.905020999999999930e-08 1.940778000000000016e-08 1.888454999999999886e-08 1.699276000000000161e-08 1.447679000000000042e-08 1.189655999999999929e-08 9.483059000000000226e-09 7.332248999999999875e-09 5.470975999999999616e-09 3.891795999999999699e-09 2.571052999999999848e-09 1.478667000000000101e-09 5.831920999999999759e-10 -1.456775000000000121e-10 -7.360814000000000385e-10 -1.213798999999999977e-09 5.918187000000000296e-10 5.980293999999999656e-10 6.070310999999999595e-10 6.184847999999999982e-10 6.320427999999999838e-10 6.473661000000000068e-10 6.639892999999999831e-10 6.810178000000000138e-10 6.966599999999999497e-10 7.075163000000000128e-10 7.065070999999999787e-10 6.866280000000000199e-10 6.582336000000000212e-10 6.291429999999999852e-10 6.024536999999999624e-10 5.793382999999999618e-10 5.600127000000000466e-10 5.442363000000000348e-10 5.315697999999999938e-10 5.215091000000000143e-10 5.135516000000000446e-10 5.072281000000000302e-10 5.021122000000000148e-10 4.978174999999999717e-10 8.578478000000000638e-11 8.679168000000000525e-11 8.828465000000000025e-11 9.024034999999999847e-11 9.260624999999999751e-11 9.529291999999999378e-11 9.816847999999999692e-11 1.010297999999999999e-10 1.035298000000000042e-10 1.050447000000000054e-10 1.042742000000000001e-10 9.992544000000000199e-11 9.395528999999999961e-11 8.783704999999999396e-11 8.216313000000000111e-11 7.717038999999999587e-11 7.291778999999999600e-11 6.937768999999999496e-11 6.648269000000000133e-11 6.415018000000000646e-11 6.229458000000000617e-11 6.083310999999999705e-11 5.968850999999999564e-11 5.879335999999999900e-11 5.670191999999999877e-11 5.781319999999999765e-11 5.951236000000000189e-11 6.177601000000000265e-11 6.452009000000000079e-11 6.760253999999999721e-11 7.082857999999999707e-11 7.392394999999999421e-11 7.644590000000000327e-11 7.761309999999999692e-11 7.578805999999999564e-11 6.933076999999999984e-11 6.075937999999999631e-11 5.196231000000000298e-11 4.370693000000000186e-11 3.631031999999999911e-11 2.986265999999999829e-11 2.434218000000000160e-11 1.967462999999999894e-11 1.576472999999999921e-11 1.251106999999999952e-11 9.814043999999999536e-12 7.582696000000000106e-12 5.743707000000000256e-12 7.684128999999999801e-11 7.848845999999999492e-11 8.099919999999999518e-11 8.431365000000000435e-11 8.828808999999999564e-11 9.270325999999999530e-11 9.726658999999999984e-11 1.015719000000000026e-10 1.049780000000000044e-10 1.063760999999999962e-10 1.034509000000000046e-10 9.385815999999999717e-11 8.121957000000000225e-11 6.823040000000000460e-11 5.599485999999999956e-11 4.497883999999999861e-11 3.532227999999999840e-11 2.700221999999999922e-11 1.991780000000000061e-11 1.393576000000000079e-11 8.912476999999999890e-12 4.707277999999999766e-12 1.196167000000000026e-12 -1.720810999999999987e-12
