1.377986000000000015e-06 1.164729000000000000e-06 9.674673999999999590e-07 7.981115000000000326e-07 6.581522999999999793e-07 5.443486000000000308e-07 4.524709000000000101e-07 3.785212999999999816e-07 3.190531000000000103e-07 2.711284999999999783e-07 2.320308000000000107e-07 1.989667999999999999e-07 1.693031000000000094e-07 1.412681000000000102e-07 1.143652999999999951e-07 8.925963999999999763e-08 6.712341999999999980e-08 4.877082999999999918e-08 3.429809999999999926e-08 9.972697999999999718e-08 8.333720999999999454e-08 6.627760999999999443e-08 5.166160999999999775e-08 3.981919000000000175e-08 3.046054000000000284e-08 2.316561999999999843e-08 1.753146000000000100e-08 1.320694999999999936e-08 9.879837999999999441e-09 7.246507999999999808e-09 5.022015000000000054e-09 3.003829999999999955e-09 1.116016000000000006e-09 -5.980148999999999963e-10 -2.033769000000000197e-09 -3.113119000000000197e-09 -3.829364000000000137e-09 -4.231671999999999943e-09 1.778504000000000045e-09 1.534864000000000047e-09 1.286507999999999917e-09 1.081221000000000024e-09 9.224388000000000014e-10 8.040525000000000004e-10 7.182657000000000170e-10 6.578208999999999860e-10 6.163863000000000390e-10 5.883046000000000449e-10 5.684948000000000498e-10 5.529600000000000220e-10 5.394105999999999860e-10 5.273672000000000481e-10 5.176080000000000183e-10 5.111101000000000381e-10 5.081817000000000216e-10 5.083183999999999639e-10 5.105467000000000439e-10 4.302968000000000169e-10 3.697458999999999753e-10 3.072457000000000240e-10 2.544116999999999767e-10 2.123031999999999923e-10 1.796991000000000076e-10 1.549241999999999881e-10 1.363583999999999890e-10 1.225570999999999944e-10 1.122985000000000026e-10 1.045744000000000008e-10 9.856620000000000545e-11 9.367729000000000584e-11 8.955591000000000306e-11 8.609133000000000208e-11 8.335339999999999983e-11 8.146512999999999742e-11 8.047326000000000237e-11 8.029553999999999412e-11 2.178107000000000118e-10 1.838799000000000094e-10 1.488118000000000061e-10 1.190841000000000055e-10 9.524838000000000253e-11 7.660484000000000138e-11 6.221021000000000256e-11 5.114857000000000083e-11 4.263244999999999814e-11 3.604979000000000244e-11 3.092244000000000127e-11 2.686476999999999883e-11 2.355977999999999960e-11 2.076668999999999863e-11 1.836851999999999896e-11 1.637431000000000074e-11 1.485532000000000056e-11 1.385886000000000058e-11 1.336250000000000006e-11 8.361269000000000318e-10 7.047787000000000201e-10 5.677620999999999579e-10 4.498505999999999872e-10 3.536052999999999825e-10 2.767419000000000036e-10 2.159082000000000020e-10 1.678365999999999878e-10 1.298233999999999955e-10 9.972642000000000230e-11 7.574251000000000297e-11 5.619080999999999773e-11 3.946981000000000062e-11 2.440193000000000041e-11 1.053184000000000049e-11 -1.911628999999999831e-12 -1.238253000000000015e-11 -2.049854000000000082e-11 -2.625818000000000111e-11
1.164729000000000000e-06 1.101397999999999894e-06 9.448582999999999792e-07 7.940166000000000136e-07 6.616591999999999669e-07 5.506607999999999727e-07 4.594484000000000208e-07 3.852094999999999793e-07 3.249913000000000045e-07 2.759037999999999960e-07 2.350622000000000017e-07 1.998702000000000132e-07 1.685619000000000054e-07 1.402385000000000021e-07 1.144277999999999998e-07 9.090517999999999689e-08 6.986981000000000194e-08 5.183162000000000180e-08 3.712319999999999853e-08 8.333720999999999454e-08 7.653378999999999488e-08 6.439894000000000054e-08 5.158581999999999837e-08 4.041749999999999779e-08 3.126305999999999937e-08 2.397385999999999852e-08 1.826094000000000126e-08 1.380946000000000082e-08 1.030230999999999976e-08 7.448489000000000292e-09 5.039062999999999890e-09 2.961445000000000003e-09 1.156348999999999933e-09 -4.116717999999999907e-10 -1.740728999999999935e-09 -2.793737000000000193e-09 -3.543120000000000065e-09 -4.002530000000000239e-09 1.534864000000000047e-09 1.440837999999999941e-09 1.268080000000000030e-09 1.088715999999999904e-09 9.382887000000000750e-10 8.212436999999999896e-10 7.340012000000000192e-10 6.709460000000000114e-10 6.262184999999999712e-10 5.943812000000000402e-10 5.710823999999999965e-10 5.534402999999999960e-10 5.397345000000000453e-10 5.289146000000000049e-10 5.204914999999999908e-10 5.145266999999999620e-10 5.112330999999999559e-10 5.104857999999999661e-10 5.117096999999999912e-10 3.697458999999999753e-10 3.453278999999999879e-10 3.012037999999999748e-10 2.549259999999999839e-10 2.151708999999999947e-10 1.831899000000000097e-10 1.582884999999999906e-10 1.392491999999999879e-10 1.248397999999999932e-10 1.139691000000000056e-10 1.056926999999999937e-10 9.923820000000000582e-11 9.407443999999999552e-11 8.991421999999999611e-11 8.661102000000000590e-11 8.408313000000000585e-11 8.230302000000000123e-11 8.126954000000000027e-11 8.094664999999999416e-11 1.838799000000000094e-10 1.701561000000000076e-10 1.453245999999999885e-10 1.192099999999999947e-10 9.666333000000000187e-11 7.835571000000000641e-11 6.387420000000000262e-11 5.255075000000000203e-11 4.375736999999999977e-11 3.694389999999999973e-11 3.160821000000000189e-11 2.732777999999999889e-11 2.382620000000000040e-11 2.095622000000000014e-11 1.862167000000000056e-11 1.675247000000000122e-11 1.531947999999999886e-11 1.432703999999999950e-11 1.377123999999999979e-11 7.047787000000000201e-10 6.499079999999999647e-10 5.520453999999999515e-10 4.484272000000000084e-10 3.575806999999999851e-10 2.823560999999999924e-10 2.215020000000000019e-10 1.728231999999999900e-10 1.341312000000000010e-10 1.033248999999999965e-10 7.837612999999999392e-11 5.757904999999999748e-11 3.981969999999999925e-11 2.445600999999999931e-11 1.107113999999999921e-11 -5.807402999999999786e-13 -1.049188999999999963e-11 -1.847563000000000132e-11 -2.442269000000000001e-11
9.674673999999999590e-07 9.448582999999999792e-07 8.979728000000000323e-07 7.804726000000000083e-07 6.633652000000000485e-07 5.583993999999999649e-07 4.690567999999999786e-07 3.947644999999999877e-07 3.334345000000000070e-07 2.823928000000000218e-07 2.390386000000000054e-07 2.014945000000000048e-07 1.687168000000000037e-07 1.400925999999999875e-07 1.150520999999999956e-07 9.295164999999999841e-08 7.326982000000000248e-08 5.591102999999999981e-08 4.113684000000000164e-08 6.627760999999999443e-08 6.439894000000000054e-08 5.960884000000000320e-08 5.068575000000000108e-08 4.095540999999999682e-08 3.229872999999999689e-08 2.510422000000000164e-08 1.930046999999999839e-08 1.464922000000000000e-08 1.087616000000000062e-08 7.762951999999999354e-09 5.177523999999999749e-09 3.040596999999999897e-09 1.284012000000000012e-09 -1.660667999999999895e-10 -1.375382000000000080e-09 -2.370625000000000176e-09 -3.137806999999999812e-09 -3.662107000000000163e-09 1.286507999999999917e-09 1.268080000000000030e-09 1.208331999999999917e-09 1.087293999999999906e-09 9.564170999999999976e-10 8.444494999999999592e-10 7.563016999999999878e-10 6.896885999999999917e-10 6.401592999999999733e-10 6.033615000000000366e-10 5.760394000000000240e-10 5.559970000000000188e-10 5.415992999999999539e-10 5.313913999999999937e-10 5.240762000000000436e-10 5.187969999999999818e-10 5.152933000000000035e-10 5.135841999999999934e-10 5.135201999999999614e-10 3.072457000000000240e-10 3.012037999999999748e-10 2.846097000000000207e-10 2.527394999999999935e-10 2.181280999999999894e-10 1.877716999999999876e-10 1.629764000000000050e-10 1.433959000000000021e-10 1.282025000000000027e-10 1.164854999999999903e-10 1.074232000000000013e-10 1.003748999999999963e-10 9.488805999999999948e-11 9.065311000000000367e-11 8.744706999999999445e-11 8.508416999999999530e-11 8.341693999999999898e-11 8.236207999999999917e-11 8.188403000000000566e-11 1.488118000000000061e-10 1.453245999999999885e-10 1.358603000000000018e-10 1.177621000000000125e-10 9.804497999999999730e-11 8.061024000000000287e-11 6.618225000000000428e-11 5.460834999999999682e-11 4.547316000000000089e-11 3.828971999999999772e-11 3.259667999999999879e-11 2.802636000000000136e-11 2.433373999999999886e-11 2.137942999999999870e-11 1.906540999999999843e-11 1.728483999999999968e-11 1.593840999999999852e-11 1.496823000000000033e-11 1.435701999999999975e-11 5.677620999999999579e-10 5.520453999999999515e-10 5.127659000000000149e-10 4.401177000000000176e-10 3.606713999999999877e-10 2.893543000000000148e-10 2.292947999999999959e-10 1.801892000000000037e-10 1.405281999999999997e-10 1.083943000000000007e-10 8.193555999999999949e-11 5.975209999999999780e-11 4.102826000000000314e-11 2.531613000000000150e-11 1.220288000000000061e-11 1.213537999999999953e-12 -8.050546999999999745e-12 -1.574285999999999862e-11 -2.180981999999999965e-11
7.981115000000000326e-07 7.940166000000000136e-07 7.804726000000000083e-07 7.478870000000000318e-07 6.576065999999999720e-07 5.647992000000000379e-07 4.798906999999999893e-07 4.062957999999999899e-07 3.435974000000000245e-07 2.900558999999999947e-07 2.440299000000000033e-07 2.044247000000000028e-07 1.704796999999999989e-07 1.415019000000000000e-07 1.167643999999999944e-07 9.549695000000000201e-08 7.692830000000000203e-08 6.047389000000000074e-08 4.597974999999999851e-08 5.166160999999999775e-08 5.158581999999999837e-08 5.068575000000000108e-08 4.748989999999999831e-08 4.083589000000000052e-08 3.328830999999999958e-08 2.641100000000000072e-08 2.055071999999999994e-08 1.565973999999999911e-08 1.159722000000000020e-08 8.244018000000000017e-09 5.508695999999999772e-09 3.306726000000000188e-09 1.551337000000000017e-09 1.538684999999999945e-10 -9.724065000000000789e-10 -1.897710999999999962e-09 -2.651769999999999829e-09 -3.224816000000000003e-09 1.081221000000000024e-09 1.088715999999999904e-09 1.087293999999999906e-09 1.053111000000000004e-09 9.672451000000000351e-10 8.692314000000000389e-10 7.828464000000000316e-10 7.127192000000000507e-10 6.577821999999999539e-10 6.157185999999999876e-10 5.843266999999999691e-10 5.616495999999999958e-10 5.458675000000000281e-10 5.352521999999999645e-10 5.281914000000000461e-10 5.233207999999999533e-10 5.197786000000000067e-10 5.173057000000000203e-10 5.159398000000000178e-10 2.544116999999999767e-10 2.549259999999999839e-10 2.527394999999999935e-10 2.422341000000000145e-10 2.189020000000000057e-10 1.923629999999999953e-10 1.684678999999999906e-10 1.485557000000000012e-10 1.325278000000000032e-10 1.198305999999999987e-10 1.098709999999999999e-10 1.021554999999999995e-10 9.627904000000000412e-11 9.188337999999999657e-11 8.865493999999999423e-11 8.633701999999999475e-11 8.472029999999999798e-11 8.365002999999999470e-11 8.304325999999999970e-11 1.190841000000000055e-10 1.192099999999999947e-10 1.177621000000000125e-10 1.115811000000000057e-10 9.812344000000000139e-11 8.278812999999999895e-11 6.889449999999999406e-11 5.722008999999999757e-11 4.771674000000000293e-11 4.006706999999999883e-11 3.393032000000000319e-11 2.902940000000000149e-11 2.514525999999999902e-11 2.209835000000000065e-11 1.974960000000000139e-11 1.798124000000000063e-11 1.667404000000000152e-11 1.572591000000000120e-11 1.507895999999999859e-11 4.498505999999999872e-10 4.484272000000000084e-10 4.401177000000000176e-10 4.131427999999999953e-10 3.581116000000000106e-10 2.956134000000000248e-10 2.383588000000000227e-10 1.894111999999999900e-10 1.486078999999999941e-10 1.147225999999999942e-10 8.649719000000000496e-11 6.297882000000000245e-11 4.345526000000000158e-11 2.736669000000000039e-11 1.423089000000000057e-11 3.532826000000000117e-12 -5.267290000000000268e-12 -1.259574999999999952e-11 -1.862711000000000018e-11
6.581522999999999793e-07 6.616591999999999669e-07 6.633652000000000485e-07 6.576065999999999720e-07 6.357819000000000029e-07 5.647274999999999857e-07 4.892336000000000299e-07 4.181157999999999991e-07 3.544662999999999955e-07 2.986864000000000004e-07 2.504538999999999819e-07 2.092179999999999879e-07 1.742654999999999930e-07 1.447807999999999937e-07 1.199237999999999982e-07 9.887767999999999764e-08 8.085918999999999734e-08 6.513733000000000217e-08 5.117455999999999869e-08 3.981919000000000175e-08 4.041749999999999779e-08 4.095540999999999682e-08 4.083589000000000052e-08 3.877376000000000322e-08 3.368480000000000263e-08 2.760781000000000043e-08 2.185441000000000001e-08 1.678993000000000098e-08 1.249489000000000006e-08 8.946936000000000091e-09 6.076094999999999789e-09 3.789797999999999655e-09 1.989618000000000191e-09 5.807485000000000238e-10 -5.249921000000000115e-10 -1.408349000000000096e-09 -2.132231000000000099e-09 -2.721959999999999977e-09 9.224388000000000014e-10 9.382887000000000750e-10 9.564170999999999976e-10 9.672451000000000351e-10 9.499239999999999966e-10 8.867594999999999920e-10 8.093275999999999960e-10 7.381975999999999531e-10 6.788751999999999554e-10 6.320634000000000365e-10 5.966861000000000329e-10 5.709942000000000050e-10 5.530534000000000167e-10 5.409923000000000200e-10 5.331090999999999535e-10 5.279065000000000112e-10 5.241748999999999701e-10 5.211861000000000351e-10 5.187650000000000175e-10 2.123031999999999923e-10 2.151708999999999947e-10 2.181280999999999894e-10 2.189020000000000057e-10 2.125531999999999914e-10 1.949247000000000093e-10 1.738184999999999876e-10 1.542778000000000057e-10 1.376260000000000115e-10 1.240004000000000095e-10 1.131579000000000027e-10 1.047462999999999969e-10 9.838258000000000345e-11 9.368183000000000291e-11 9.027996000000000016e-11 8.786329999999999943e-11 8.618586999999999574e-11 8.505687000000000409e-11 8.434141999999999546e-11 9.524838000000000253e-11 9.666333000000000187e-11 9.804497999999999730e-11 9.812344000000000139e-11 9.413979999999999838e-11 8.380487000000000417e-11 7.152813999999999656e-11 6.014287000000000099e-11 5.036795000000000209e-11 4.226021000000000295e-11 3.567799000000000275e-11 3.043102999999999862e-11 2.631723999999999904e-11 2.313461999999999983e-11 2.069997999999999840e-11 1.886969000000000055e-11 1.752784999999999947e-11 1.656440999999999848e-11 1.588876000000000105e-11 3.536052999999999825e-10 3.575806999999999851e-10 3.606713999999999877e-10 3.581116000000000106e-10 3.397246999999999901e-10 2.970511999999999926e-10 2.467168000000000160e-10 1.993696000000000071e-10 1.577622999999999899e-10 1.222194000000000081e-10 9.236002000000000331e-11 6.760770000000000322e-11 4.730271000000000131e-11 3.075892000000000239e-11 1.735643999999999869e-11 6.565667000000000118e-12 -2.130031999999999905e-12 -9.234868999999999633e-12 -1.513311999999999843e-11
5.443486000000000308e-07 5.506607999999999727e-07 5.583993999999999649e-07 5.647992000000000379e-07 5.647274999999999857e-07 5.502978000000000110e-07 4.920742000000000269e-07 4.275484000000000064e-07 3.649792999999999785e-07 3.082603000000000118e-07 2.586583999999999810e-07 2.161816000000000013e-07 1.802474999999999999e-07 1.500400000000000121e-07 1.246948000000000083e-07 1.033871999999999955e-07 8.535839999999999756e-08 6.990235999999999517e-08 5.637133999999999820e-08 3.046054000000000284e-08 3.126305999999999937e-08 3.229872999999999689e-08 3.328830999999999958e-08 3.368480000000000263e-08 3.232206999999999900e-08 2.817903999999999992e-08 2.298931000000000113e-08 1.798581999999999859e-08 1.358571000000000023e-08 9.897813000000000301e-09 6.895873999999999714e-09 4.499404000000000027e-09 2.612268999999999802e-09 1.140124000000000022e-09 -3.432264000000000045e-12 -8.963559999999999599e-10 -1.608768000000000002e-09 -2.194607999999999914e-09 8.040525000000000004e-10 8.212436999999999896e-10 8.444494999999999592e-10 8.692314000000000389e-10 8.867594999999999920e-10 8.783720999999999844e-10 8.280964999999999848e-10 7.632230000000000020e-10 7.028040999999999554e-10 6.525813000000000365e-10 6.134326000000000226e-10 5.842886999999999533e-10 5.634142000000000167e-10 5.489760999999999981e-10 5.392781999999999669e-10 5.328288000000000409e-10 5.283438000000000300e-10 5.248064999999999909e-10 5.216318000000000432e-10 1.796991000000000076e-10 1.831899000000000097e-10 1.877716999999999876e-10 1.923629999999999953e-10 1.949247000000000093e-10 1.911398000000000124e-10 1.772293000000000013e-10 1.597438000000000052e-10 1.431886999999999979e-10 1.289592999999999964e-10 1.173586999999999951e-10 1.082413999999999996e-10 1.012848000000000032e-10 9.611546999999999576e-11 9.236551999999999880e-11 8.969936000000000322e-11 8.783660000000000561e-11 8.656277000000000557e-11 8.571496000000000093e-11 7.660484000000000138e-11 7.835571000000000641e-11 8.061024000000000287e-11 8.278812999999999895e-11 8.380487000000000417e-11 8.127754000000000427e-11 7.309448999999999705e-11 6.291429000000000050e-11 5.324338000000000128e-11 4.484551999999999772e-11 3.788738999999999695e-11 3.229495999999999955e-11 2.790007999999999960e-11 2.450654000000000071e-11 2.192005999999999940e-11 1.996987999999999851e-11 1.852601000000000014e-11 1.748647999999999962e-11 1.675632999999999995e-11 2.767419000000000036e-10 2.823560999999999924e-10 2.893543000000000148e-10 2.956134000000000248e-10 2.970511999999999926e-10 2.846677999999999814e-10 2.504526000000000001e-10 2.081356999999999909e-10 1.672302999999999927e-10 1.308241000000000084e-10 9.975269999999999923e-11 7.389155999999999862e-11 5.270724000000000110e-11 3.552011000000000262e-11 2.164093999999999886e-11 1.047328999999999969e-11 1.529756000000000050e-12 -5.649423000000000090e-12 -1.150532999999999981e-11
4.524709000000000101e-07 4.594484000000000208e-07 4.690567999999999786e-07 4.798906999999999893e-07 4.892336000000000299e-07 4.920742000000000269e-07 4.810883999999999948e-07 4.305114000000000046e-07 3.735966000000000116e-07 3.183776999999999909e-07 2.685931000000000204e-07 2.253164999999999914e-07 1.884206999999999873e-07 1.572866999999999945e-07 1.311382999999999958e-07 1.091923999999999978e-07 9.071739000000000286e-08 7.504850999999999523e-08 6.156822999999999967e-08 2.316561999999999843e-08 2.397385999999999852e-08 2.510422000000000164e-08 2.641100000000000072e-08 2.760781000000000043e-08 2.817903999999999992e-08 2.711900999999999939e-08 2.357849999999999835e-08 1.911188000000000080e-08 1.482470000000000072e-08 1.107999000000000074e-08 7.960485999999999222e-09 5.433472999999999979e-09 3.423926000000000156e-09 1.846501000000000095e-09 6.191693000000000282e-10 -3.323708999999999880e-10 -1.075044000000000077e-09 -1.668972000000000097e-09 7.182657000000000170e-10 7.340012000000000192e-10 7.563016999999999878e-10 7.828464000000000316e-10 8.093275999999999960e-10 8.280964999999999848e-10 8.235008000000000479e-10 7.819694999999999848e-10 7.273791999999999773e-10 6.765030000000000161e-10 6.343228000000000008e-10 6.015072999999999914e-10 5.770589000000000327e-10 5.594496000000000447e-10 5.470998000000000426e-10 5.385651999999999509e-10 5.325849000000000475e-10 5.280784000000000073e-10 5.241946000000000460e-10 1.549241999999999881e-10 1.582884999999999906e-10 1.629764000000000050e-10 1.684678999999999906e-10 1.738184999999999876e-10 1.772293000000000013e-10 1.748897000000000108e-10 1.634345000000000109e-10 1.486129000000000111e-10 1.345097999999999970e-10 1.224296999999999924e-10 1.126472999999999988e-10 1.050155999999999961e-10 9.923437000000000502e-11 9.496771999999999835e-11 9.189199999999999659e-11 8.971539000000000270e-11 8.819606999999999620e-11 8.715069000000000172e-11 6.221021000000000256e-11 6.387420000000000262e-11 6.618225000000000428e-11 6.889449999999999406e-11 7.152813999999999656e-11 7.309448999999999705e-11 7.144585000000000459e-11 6.467890999999999425e-11 5.600769999999999934e-11 4.771996000000000056e-11 4.054314999999999896e-11 3.463412000000000106e-11 2.991913999999999968e-11 2.624072999999999940e-11 2.342105999999999956e-11 2.128774999999999843e-11 1.969132000000000136e-11 1.851982999999999986e-11 1.768614000000000041e-11 2.159082000000000020e-10 2.215020000000000019e-10 2.292947999999999959e-10 2.383588000000000227e-10 2.467168000000000160e-10 2.504526000000000001e-10 2.413941999999999748e-10 2.124164999999999974e-10 1.757475999999999981e-10 1.401720999999999900e-10 1.086311000000000055e-10 8.187511000000000049e-11 5.973348000000000247e-11 4.167960999999999955e-11 2.708227999999999959e-11 1.532317999999999893e-11 5.878300000000000105e-12 -1.673696999999999911e-12 -7.730286999999999653e-12
3.785212999999999816e-07 3.852094999999999793e-07 3.947644999999999877e-07 4.062957999999999899e-07 4.181157999999999991e-07 4.275484000000000064e-07 4.305114000000000046e-07 4.212619000000000116e-07 3.771968999999999939e-07 3.276410000000000154e-07 2.795976000000000181e-07 2.362883999999999998e-07 1.986148999999999900e-07 1.664525999999999932e-07 1.392642000000000064e-07 1.163798999999999951e-07 9.712470999999999806e-08 8.086648999999999503e-08 6.702828000000000627e-08 1.753146000000000100e-08 1.826094000000000126e-08 1.930046999999999839e-08 2.055071999999999994e-08 2.185441000000000001e-08 2.298931000000000113e-08 2.357849999999999835e-08 2.278433999999999993e-08 1.983375000000000050e-08 1.605912000000000027e-08 1.242103000000000048e-08 9.236000999999999444e-09 6.578617000000000052e-09 4.423478000000000304e-09 2.708136000000000087e-09 1.360737999999999980e-09 3.116651000000000098e-10 -5.023526999999999583e-10 -1.138453999999999965e-09 6.578208999999999860e-10 6.709460000000000114e-10 6.896885999999999917e-10 7.127192000000000507e-10 7.381975999999999531e-10 7.632230000000000020e-10 7.819694999999999848e-10 7.808301000000000125e-10 7.471640999999999966e-10 7.014365000000000313e-10 6.583277999999999608e-10 6.222734000000000113e-10 5.939517000000000263e-10 5.725781000000000165e-10 5.568901999999999884e-10 5.455678999999999602e-10 5.373974000000000244e-10 5.313130999999999527e-10 5.263963000000000220e-10 1.363583999999999890e-10 1.392491999999999879e-10 1.433959000000000021e-10 1.485557000000000012e-10 1.542778000000000057e-10 1.597438000000000052e-10 1.634345000000000109e-10 1.620589999999999984e-10 1.526062999999999872e-10 1.400952000000000075e-10 1.281306999999999916e-10 1.178666000000000043e-10 1.095498000000000000e-10 1.030591000000000014e-10 9.813956999999999397e-11 9.450462999999999411e-11 9.187681999999999665e-11 9.000477000000000000e-11 8.868048000000000342e-11 5.114857000000000083e-11 5.255075000000000203e-11 5.460834999999999682e-11 5.722008999999999757e-11 6.014287000000000099e-11 6.291429000000000050e-11 6.467890999999999425e-11 6.358650999999999862e-11 5.794974000000000264e-11 5.058680999999999698e-11 4.352267999999999808e-11 3.740241000000000319e-11 3.236660000000000226e-11 2.835352000000000054e-11 2.522840999999999953e-11 2.283849999999999886e-11 2.103540999999999912e-11 1.969006000000000102e-11 1.870652000000000015e-11 1.678365999999999878e-10 1.728231999999999900e-10 1.801892000000000037e-10 1.894111999999999900e-10 1.993696000000000071e-10 2.081356999999999909e-10 2.124164999999999974e-10 2.053323000000000127e-10 1.806627000000000073e-10 1.491402000000000006e-10 1.185117999999999919e-10 9.135522000000000178e-11 6.832000000000000292e-11 4.925586000000000092e-11 3.370870999999999764e-11 2.113529999999999861e-11 1.100368000000000063e-11 2.863146000000000087e-12 -3.648573000000000189e-12
3.190531000000000103e-07 3.249913000000000045e-07 3.334345000000000070e-07 3.435974000000000245e-07 3.544662999999999955e-07 3.649792999999999785e-07 3.735966000000000116e-07 3.771968999999999939e-07 3.705830999999999959e-07 3.329174999999999766e-07 2.901031000000000058e-07 2.483081000000000210e-07 2.104419999999999994e-07 1.773679000000000116e-07 1.490294999999999912e-07 1.249928000000000021e-07 1.046944999999999982e-07 8.755736000000000338e-08 7.304007000000000005e-08 1.320694999999999936e-08 1.380946000000000082e-08 1.464922000000000000e-08 1.565973999999999911e-08 1.678993000000000098e-08 1.798581999999999859e-08 1.911188000000000080e-08 1.983375000000000050e-08 1.936298999999999953e-08 1.695222999999999906e-08 1.376108000000000063e-08 1.064770000000000077e-08 7.902783000000000006e-09 5.601507000000000311e-09 3.728417999999999604e-09 2.233236000000000000e-09 1.055998000000000059e-09 1.378357999999999915e-10 -5.752726000000000220e-10 6.163863000000000390e-10 6.262184999999999712e-10 6.401592999999999733e-10 6.577821999999999539e-10 6.788751999999999554e-10 7.028040999999999554e-10 7.273791999999999773e-10 7.471640999999999966e-10 7.494146000000000189e-10 7.220813999999999835e-10 6.830812999999999829e-10 6.456068000000000210e-10 6.137942000000000020e-10 5.884130999999999934e-10 5.688947000000000373e-10 5.542127000000000253e-10 5.432619000000000304e-10 5.350110000000000046e-10 5.285419000000000027e-10 1.225570999999999944e-10 1.248397999999999932e-10 1.282025000000000027e-10 1.325278000000000032e-10 1.376260000000000115e-10 1.431886999999999979e-10 1.486129000000000111e-10 1.526062999999999872e-10 1.521762999999999949e-10 1.444764999999999973e-10 1.338925000000000109e-10 1.236441999999999937e-10 1.147877999999999952e-10 1.075718999999999948e-10 1.019122000000000035e-10 9.759937000000000239e-11 9.439079000000000032e-11 9.204852999999999936e-11 9.035513000000000498e-11 4.263244999999999814e-11 4.375736999999999977e-11 4.547316000000000089e-11 4.771674000000000293e-11 5.036795000000000209e-11 5.324338000000000128e-11 5.600769999999999934e-11 5.794974000000000264e-11 5.739980999999999713e-11 5.276901999999999884e-11 4.652178999999999740e-11 4.046642999999999764e-11 3.519201000000000041e-11 3.083814999999999861e-11 2.736163999999999972e-11 2.465145999999999965e-11 2.257775000000000121e-11 2.101272000000000015e-11 1.984453000000000046e-11 1.298233999999999955e-10 1.341312000000000010e-10 1.405281999999999997e-10 1.486078999999999941e-10 1.577622999999999899e-10 1.672302999999999927e-10 1.757475999999999981e-10 1.806627000000000073e-10 1.757672999999999965e-10 1.551634000000000083e-10 1.282031999999999932e-10 1.017805999999999939e-10 7.823250000000000617e-11 5.818664999999999986e-11 4.155236999999999938e-11 2.795939999999999898e-11 1.694822999999999957e-11 8.061281000000000333e-12 9.113307999999999724e-13
2.711284999999999783e-07 2.759037999999999960e-07 2.823928000000000218e-07 2.900558999999999947e-07 2.986864000000000004e-07 3.082603000000000118e-07 3.183776999999999909e-07 3.276410000000000154e-07 3.329174999999999766e-07 3.291575999999999934e-07 2.970349999999999860e-07 2.598348000000000127e-07 2.231463000000000081e-07 1.896821000000000094e-07 1.603029000000000106e-07 1.350223000000000059e-07 1.134968000000000029e-07 9.525743000000000200e-08 7.981466999999999772e-08 9.879837999999999441e-09 1.030230999999999976e-08 1.087616000000000062e-08 1.159722000000000020e-08 1.249489000000000006e-08 1.358571000000000023e-08 1.482470000000000072e-08 1.605912000000000027e-08 1.695222999999999906e-08 1.676138999999999892e-08 1.478087000000000006e-08 1.204594999999999975e-08 9.338720000000000193e-09 6.932020000000000222e-09 4.902682999999999995e-09 3.243785000000000085e-09 1.915302000000000010e-09 8.670537999999999905e-10 4.871813000000000054e-11 5.883046000000000449e-10 5.943812000000000402e-10 6.033615000000000366e-10 6.157185999999999876e-10 6.320634000000000365e-10 6.525813000000000365e-10 6.765030000000000161e-10 7.014365000000000313e-10 7.220813999999999835e-10 7.265794000000000025e-10 7.036538000000000171e-10 6.693566000000000044e-10 6.357534999999999801e-10 6.067663000000000246e-10 5.832475999999999867e-10 5.648016000000000486e-10 5.505851000000000491e-10 5.396549000000000035e-10 5.311125000000000103e-10 1.122985000000000026e-10 1.139691000000000056e-10 1.164854999999999903e-10 1.198305999999999987e-10 1.240004000000000095e-10 1.289592999999999964e-10 1.345097999999999970e-10 1.400952000000000075e-10 1.444764999999999973e-10 1.448529999999999960e-10 1.385374999999999985e-10 1.294412999999999953e-10 1.204959000000000088e-10 1.126907999999999972e-10 1.062821999999999972e-10 1.012177000000000040e-10 9.732615000000000207e-11 9.440107000000000218e-11 9.223636000000000180e-11 3.604979000000000244e-11 3.694389999999999973e-11 3.828971999999999772e-11 4.006706999999999883e-11 4.226021000000000295e-11 4.484551999999999772e-11 4.771996000000000056e-11 5.058680999999999698e-11 5.276901999999999884e-11 5.270559999999999789e-11 4.889568000000000113e-11 4.353601000000000283e-11 3.827121000000000127e-11 3.365178000000000143e-11 2.982038999999999911e-11 2.675039999999999959e-11 2.435062000000000111e-11 2.251016000000000028e-11 2.111785000000000013e-11 9.972642000000000230e-11 1.033248999999999965e-10 1.083943000000000007e-10 1.147225999999999942e-10 1.222194000000000081e-10 1.308241000000000084e-10 1.401720999999999900e-10 1.491402000000000006e-10 1.551634000000000083e-10 1.523953999999999926e-10 1.352335000000000118e-10 1.119977999999999976e-10 8.894942000000000167e-11 6.826591000000000472e-11 5.057648999999999788e-11 3.584715000000000039e-11 2.377766000000000069e-11 1.397920999999999936e-11 6.057727999999999934e-12
2.320308000000000107e-07 2.350622000000000017e-07 2.390386000000000054e-07 2.440299000000000033e-07 2.504538999999999819e-07 2.586583999999999810e-07 2.685931000000000204e-07 2.795976000000000181e-07 2.901031000000000058e-07 2.970349999999999860e-07 2.956343999999999807e-07 2.679841999999999837e-07 2.352969000000000004e-07 2.027112000000000053e-07 1.727839999999999939e-07 1.463734999999999971e-07 1.235539000000000036e-07 1.040604000000000018e-07 8.750030999999999560e-08 7.246507999999999808e-09 7.448489000000000292e-09 7.762951999999999354e-09 8.244018000000000017e-09 8.946936000000000091e-09 9.897813000000000301e-09 1.107999000000000074e-08 1.242103000000000048e-08 1.376108000000000063e-08 1.478087000000000006e-08 1.479231000000000059e-08 1.313600999999999919e-08 1.075048999999999934e-08 8.356056000000000163e-09 6.210481999999999647e-09 4.391667999999999770e-09 2.899349000000000014e-09 1.701440999999999977e-09 7.546878000000000292e-10 5.684948000000000498e-10 5.710823999999999965e-10 5.760394000000000240e-10 5.843266999999999691e-10 5.966861000000000329e-10 6.134326000000000226e-10 6.343228000000000008e-10 6.583277999999999608e-10 6.830812999999999829e-10 7.036538000000000171e-10 7.091288999999999706e-10 6.890212000000000360e-10 6.579138000000000282e-10 6.269462999999999488e-10 5.998486000000000207e-10 5.775227999999999488e-10 5.596954999999999518e-10 5.456550000000000146e-10 5.345752000000000505e-10 1.045744000000000008e-10 1.056926999999999937e-10 1.074232000000000013e-10 1.098709999999999999e-10 1.131579000000000027e-10 1.173586999999999951e-10 1.224296999999999924e-10 1.281306999999999916e-10 1.338925000000000109e-10 1.385374999999999985e-10 1.394670000000000107e-10 1.341674000000000117e-10 1.261824999999999931e-10 1.182103999999999964e-10 1.111855000000000060e-10 1.053682999999999948e-10 1.007318000000000026e-10 9.713468999999999795e-11 9.439859000000000520e-11 3.092244000000000127e-11 3.160821000000000189e-11 3.259667999999999879e-11 3.393032000000000319e-11 3.567799000000000275e-11 3.788738999999999695e-11 4.054314999999999896e-11 4.352267999999999808e-11 4.652178999999999740e-11 4.889568000000000113e-11 4.919422999999999929e-11 4.601199000000000294e-11 4.133767000000000192e-11 3.668423000000000190e-11 3.257039000000000254e-11 2.914048000000000146e-11 2.638093000000000076e-11 2.421613000000000013e-11 2.255031000000000027e-11 7.574251000000000297e-11 7.837612999999999392e-11 8.193555999999999949e-11 8.649719000000000496e-11 9.236002000000000331e-11 9.975269999999999923e-11 1.086311000000000055e-10 1.185117999999999919e-10 1.282031999999999932e-10 1.352335000000000118e-10 1.341516999999999959e-10 1.197000000000000106e-10 9.940580999999999403e-11 7.902616000000000382e-11 6.060965999999999561e-11 4.478348999999999783e-11 3.155925999999999815e-11 2.069504999999999915e-11 1.185857000000000003e-11
1.989667999999999999e-07 1.998702000000000132e-07 2.014945000000000048e-07 2.044247000000000028e-07 2.092179999999999879e-07 2.161816000000000013e-07 2.253164999999999914e-07 2.362883999999999998e-07 2.483081000000000210e-07 2.598348000000000127e-07 2.679841999999999837e-07 2.683343999999999944e-07 2.442188999999999794e-07 2.151400999999999983e-07 1.858570999999999868e-07 1.587937000000000093e-07 1.348049000000000030e-07 1.140098000000000022e-07 9.620447000000000331e-08 5.022015000000000054e-09 5.039062999999999890e-09 5.177523999999999749e-09 5.508695999999999772e-09 6.076094999999999789e-09 6.895873999999999714e-09 7.960485999999999222e-09 9.236000999999999444e-09 1.064770000000000077e-08 1.204594999999999975e-08 1.313600999999999919e-08 1.328163000000000059e-08 1.186669000000000010e-08 9.750180999999999420e-09 7.600168999999999504e-09 5.660879999999999998e-09 4.010091000000000065e-09 2.651620999999999895e-09 1.558446000000000100e-09 5.529600000000000220e-10 5.534402999999999960e-10 5.559970000000000188e-10 5.616495999999999958e-10 5.709942000000000050e-10 5.842886999999999533e-10 6.015072999999999914e-10 6.222734000000000113e-10 6.456068000000000210e-10 6.693566000000000044e-10 6.890212000000000360e-10 6.945448999999999721e-10 6.761619999999999859e-10 6.472383000000000065e-10 6.181148999999999579e-10 5.923319000000000481e-10 5.708055000000000303e-10 5.533437000000000152e-10 5.393299000000000072e-10 9.856620000000000545e-11 9.923820000000000582e-11 1.003748999999999963e-10 1.021554999999999995e-10 1.047462999999999969e-10 1.082413999999999996e-10 1.126472999999999988e-10 1.178666000000000043e-10 1.236441999999999937e-10 1.294412999999999953e-10 1.341674000000000117e-10 1.354175999999999936e-10 1.308421999999999879e-10 1.236831999999999922e-10 1.164416000000000066e-10 1.100018000000000001e-10 1.046250000000000006e-10 1.003021999999999956e-10 9.691466999999999906e-11 2.686476999999999883e-11 2.732777999999999889e-11 2.802636000000000136e-11 2.902940000000000149e-11 3.043102999999999862e-11 3.229495999999999955e-11 3.463412000000000106e-11 3.740241000000000319e-11 4.046642999999999764e-11 4.353601000000000283e-11 4.601199000000000294e-11 4.655090999999999879e-11 4.383809000000000309e-11 3.969196000000000125e-11 3.551399999999999751e-11 3.179456000000000301e-11 2.867758999999999958e-11 2.615925000000000004e-11 2.417617999999999928e-11 5.619080999999999773e-11 5.757904999999999748e-11 5.975209999999999780e-11 6.297882000000000245e-11 6.760770000000000322e-11 7.389155999999999862e-11 8.187511000000000049e-11 9.135522000000000178e-11 1.017805999999999939e-10 1.119977999999999976e-10 1.197000000000000106e-10 1.198308000000000108e-10 1.074674999999999962e-10 8.949145999999999559e-11 7.123288000000000414e-11 5.462714999999999912e-11 4.029636999999999746e-11 2.828583000000000005e-11 1.839908000000000120e-11
1.693031000000000094e-07 1.685619000000000054e-07 1.687168000000000037e-07 1.704796999999999989e-07 1.742654999999999930e-07 1.802474999999999999e-07 1.884206999999999873e-07 1.986148999999999900e-07 2.104419999999999994e-07 2.231463000000000081e-07 2.352969000000000004e-07 2.442188999999999794e-07 2.458066999999999957e-07 2.244848999999999960e-07 1.983147000000000096e-07 1.717308999999999989e-07 1.470342999999999947e-07 1.250685000000000058e-07 1.059793000000000019e-07 3.003829999999999955e-09 2.961445000000000003e-09 3.040596999999999897e-09 3.306726000000000188e-09 3.789797999999999655e-09 4.499404000000000027e-09 5.433472999999999979e-09 6.578617000000000052e-09 7.902783000000000006e-09 9.338720000000000193e-09 1.075048999999999934e-08 1.186669000000000010e-08 1.209686000000000076e-08 1.086365999999999969e-08 8.959031999999999632e-09 7.005537999999999967e-09 5.234043999999999881e-09 3.720305999999999912e-09 2.470780999999999928e-09 5.394105999999999860e-10 5.397345000000000453e-10 5.415992999999999539e-10 5.458675000000000281e-10 5.530534000000000167e-10 5.634142000000000167e-10 5.770589000000000327e-10 5.939517000000000263e-10 6.137942000000000020e-10 6.357534999999999801e-10 6.579138000000000282e-10 6.761619999999999859e-10 6.811888999999999616e-10 6.638565999999999717e-10 6.364889000000000022e-10 6.087197999999999807e-10 5.839010000000000292e-10 5.629407999999999675e-10 5.457053999999999507e-10 9.367729000000000584e-11 9.407443999999999552e-11 9.488805999999999948e-11 9.627904000000000412e-11 9.838258000000000345e-11 1.012848000000000032e-10 1.050155999999999961e-10 1.095498000000000000e-10 1.147877999999999952e-10 1.204959000000000088e-10 1.261824999999999931e-10 1.308421999999999879e-10 1.322419999999999917e-10 1.281790999999999880e-10 1.216409999999999887e-10 1.149575999999999939e-10 1.089664999999999954e-10 1.039256999999999961e-10 9.983848999999999538e-11 2.355977999999999960e-11 2.382620000000000040e-11 2.433373999999999886e-11 2.514525999999999902e-11 2.631723999999999904e-11 2.790007999999999960e-11 2.991913999999999968e-11 3.236660000000000226e-11 3.519201000000000041e-11 3.827121000000000127e-11 4.133767000000000192e-11 4.383809000000000309e-11 4.452410000000000008e-11 4.216228999999999684e-11 3.842770000000000033e-11 3.462514000000000002e-11 3.121885999999999770e-11 2.835100999999999917e-11 2.602446000000000036e-11 3.946981000000000062e-11 3.981969999999999925e-11 4.102826000000000314e-11 4.345526000000000158e-11 4.730271000000000131e-11 5.270724000000000110e-11 5.973348000000000247e-11 6.832000000000000292e-11 7.823250000000000617e-11 8.894942000000000167e-11 9.940580999999999403e-11 1.074674999999999962e-10 1.084331000000000001e-10 9.768091999999999370e-11 8.154924000000000604e-11 6.500196999999999510e-11 4.987082999999999905e-11 3.676761000000000271e-11 2.575926999999999874e-11
1.412681000000000102e-07 1.402385000000000021e-07 1.400925999999999875e-07 1.415019000000000000e-07 1.447807999999999937e-07 1.500400000000000121e-07 1.572866999999999945e-07 1.664525999999999932e-07 1.773679000000000116e-07 1.896821000000000094e-07 2.027112000000000053e-07 2.151400999999999983e-07 2.244848999999999960e-07 2.269253999999999973e-07 2.078459999999999938e-07 1.840690000000000053e-07 1.597413000000000038e-07 1.370445000000000067e-07 1.167935999999999984e-07 1.116016000000000006e-09 1.156348999999999933e-09 1.284012000000000012e-09 1.551337000000000017e-09 1.989618000000000191e-09 2.612268999999999802e-09 3.423926000000000156e-09 4.423478000000000304e-09 5.601507000000000311e-09 6.932020000000000222e-09 8.356056000000000163e-09 9.750180999999999420e-09 1.086365999999999969e-08 1.114599999999999935e-08 1.005399000000000035e-08 8.321099999999999317e-09 6.528889999999999775e-09 4.895667000000000192e-09 3.494825000000000078e-09 5.273672000000000481e-10 5.289146000000000049e-10 5.313913999999999937e-10 5.352521999999999645e-10 5.409923000000000200e-10 5.489760999999999981e-10 5.594496000000000447e-10 5.725781000000000165e-10 5.884130999999999934e-10 6.067663000000000246e-10 6.269462999999999488e-10 6.472383000000000065e-10 6.638565999999999717e-10 6.681273000000000157e-10 6.514522999999999673e-10 6.252495000000000338e-10 5.985243000000000442e-10 5.744517999999999704e-10 5.539256000000000129e-10 8.955591000000000306e-11 8.991421999999999611e-11 9.065311000000000367e-11 9.188337999999999657e-11 9.368183000000000291e-11 9.611546999999999576e-11 9.923437000000000502e-11 1.030591000000000014e-10 1.075718999999999948e-10 1.126907999999999972e-10 1.182103999999999964e-10 1.236831999999999922e-10 1.281790999999999880e-10 1.296152999999999887e-10 1.259186999999999893e-10 1.198577000000000037e-10 1.136112999999999967e-10 1.079728999999999969e-10 1.031940999999999963e-10 2.076668999999999863e-11 2.095622000000000014e-11 2.137942999999999870e-11 2.209835000000000065e-11 2.313461999999999983e-11 2.450654000000000071e-11 2.624072999999999940e-11 2.835352000000000054e-11 3.083814999999999861e-11 3.365178000000000143e-11 3.668423000000000190e-11 3.969196000000000125e-11 4.216228999999999684e-11 4.293007000000000228e-11 4.083386000000000146e-11 3.742560999999999930e-11 3.392550999999999889e-11 3.077329000000000003e-11 2.810769000000000137e-11 2.440193000000000041e-11 2.445600999999999931e-11 2.531613000000000150e-11 2.736669000000000039e-11 3.075892000000000239e-11 3.552011000000000262e-11 4.167960999999999955e-11 4.925586000000000092e-11 5.818664999999999986e-11 6.826591000000000472e-11 7.902616000000000382e-11 8.949145999999999559e-11 9.768091999999999370e-11 9.920566000000000119e-11 8.971373999999999371e-11 7.507806000000000533e-11 5.994132999999999416e-11 4.603732000000000078e-11 3.395882000000000211e-11
