2.095197999999999807e-06 1.783228000000000065e-06 1.535108999999999959e-06 1.314133999999999927e-06 1.123236000000000040e-06 9.608237999999999113e-07 8.236941999999999749e-07 7.083513999999999567e-07 6.115095999999999795e-07 5.302596000000000163e-07 4.620938999999999897e-07 4.048658000000000095e-07 3.566784999999999999e-07 3.156905000000000037e-07 2.799217000000000071e-07 2.473170999999999826e-07 2.161657000000000018e-07 1.855867999999999953e-07 1.557228000000000132e-07 1.274749000000000028e-07 1.019173999999999938e-07 7.977650999999999628e-08 6.126275000000000374e-08 4.618382999999999726e-08 1.537508999999999927e-07 1.333467000000000065e-07 1.114347000000000019e-07 9.167111999999999931e-08 7.473226000000000059e-08 6.055890000000000105e-08 4.885414999999999678e-08 3.926660000000000169e-08 3.145883999999999928e-08 2.513056000000000054e-08 2.002200999999999877e-08 1.590578999999999952e-08 1.256816000000000016e-08 9.789707999999999877e-09 7.351777000000000306e-09 5.077811999999999670e-09 2.879192999999999986e-09 7.707116000000000127e-10 -1.159152999999999999e-09 -2.809254999999999932e-09 -4.117401999999999675e-09 -5.075092000000000325e-09 -5.714123000000000245e-09 -6.085856999999999781e-09 2.607987999999999990e-09 2.316232000000000196e-09 2.007700000000000005e-09 1.736479999999999984e-09 1.511373999999999955e-09 1.330117000000000030e-09 1.187108999999999938e-09 1.076174999999999957e-09 9.915489000000000148e-10 9.281626999999999592e-10 8.816169000000000474e-10 8.479782999999999771e-10 8.235556999999999709e-10 8.048998000000000208e-10 7.891618000000000489e-10 7.745745999999999610e-10 7.606734999999999996e-10 7.480477000000000079e-10 7.376993999999999600e-10 7.303895000000000450e-10 7.263128000000000109e-10 7.251274999999999860e-10 7.261646999999999502e-10 7.286450000000000207e-10 6.489367000000000179e-10 5.743673000000000210e-10 4.948086000000000402e-10 4.237659000000000121e-10 3.635740999999999801e-10 3.138745000000000104e-10 2.734697999999999752e-10 2.409903000000000048e-10 2.151310999999999996e-10 1.947132000000000044e-10 1.786795999999999989e-10 1.660967999999999883e-10 1.561682000000000098e-10 1.482269000000000085e-10 1.417235999999999871e-10 1.362214000000000028e-10 1.314060000000000061e-10 1.271195999999999981e-10 1.233674999999999878e-10 1.202621000000000039e-10 1.179302000000000122e-10 1.164339999999999879e-10 1.157417999999999978e-10 1.157462000000000045e-10 3.350922000000000063e-10 2.926321999999999793e-10 2.473060999999999945e-10 2.067943999999999978e-10 1.723792000000000069e-10 1.438241999999999954e-10 1.204367000000000076e-10 1.014388999999999991e-10 8.608909999999999433e-11 7.370773999999999749e-11 6.369240000000000435e-11 5.554929000000000190e-11 4.889936999999999866e-11 4.344996999999999808e-11 3.895205999999999872e-11 3.516327999999999797e-11 3.186294999999999723e-11 2.890722000000000130e-11 2.625932999999999934e-11 2.396829000000000066e-11 2.211324000000000120e-11 2.074730000000000147e-11 1.987166999999999948e-11 1.944149999999999950e-11 1.285172999999999942e-09 1.121854000000000043e-09 9.462584999999999331e-10 7.875204000000000095e-10 6.508903000000000059e-10 5.358632999999999646e-10 4.401099000000000127e-10 3.608797999999999866e-10 2.954773999999999954e-10 2.414352999999999965e-10 1.966709000000000069e-10 1.595342000000000114e-10 1.287167000000000039e-10 1.030769999999999947e-10 8.141127999999999558e-11 6.242663000000000418e-11 4.500391000000000145e-11 2.850321000000000008e-11 1.288000999999999936e-11 -1.459334000000000090e-12 -1.397988000000000000e-11 -2.431319000000000093e-11 -3.237013999999999721e-11 -3.829577999999999982e-11
1.783228000000000065e-06 1.728111999999999930e-06 1.496919999999999934e-06 1.299380000000000085e-06 1.120107000000000065e-06 9.633447000000001043e-07 8.288082000000000033e-07 7.144625000000000226e-07 6.177814999999999524e-07 5.362605000000000260e-07 4.676017000000000042e-07 4.097213999999999885e-07 3.606390999999999964e-07 3.183543000000000226e-07 2.809192000000000132e-07 2.467379000000000034e-07 2.147819999999999972e-07 1.845312000000000106e-07 1.558392000000000075e-07 1.289225000000000085e-07 1.043037999999999946e-07 8.255542999999999850e-08 6.401134000000000573e-08 4.866598000000000072e-08 1.333467000000000065e-07 1.239252999999999960e-07 1.078307000000000048e-07 9.051985000000000438e-08 7.472299000000000358e-08 6.106581999999999458e-08 4.956778999999999681e-08 4.003191999999999839e-08 3.219914000000000096e-08 2.580868000000000026e-08 2.061661999999999989e-08 1.639239000000000071e-08 1.290945999999999938e-08 9.953639000000000063e-09 7.352996999999999605e-09 4.998041999999999645e-09 2.832917000000000052e-09 8.398292000000000388e-10 -9.636185999999999960e-10 -2.531171999999999870e-09 -3.814127000000000223e-09 -4.789310999999999779e-09 -5.467597000000000305e-09 -5.884751000000000289e-09 2.316232000000000196e-09 2.187898999999999953e-09 1.965347999999999819e-09 1.729018999999999983e-09 1.519091000000000085e-09 1.343850999999999974e-09 1.202481999999999984e-09 1.091100999999999994e-09 1.005066000000000094e-09 9.398208000000000143e-10 8.911087999999999658e-10 8.549585999999999804e-10 8.277616999999999665e-10 8.065311999999999745e-10 7.891247000000000098e-10 7.742158000000000470e-10 7.611343999999999933e-10 7.497568000000000180e-10 7.403776000000000428e-10 7.334245000000000247e-10 7.291290999999999653e-10 7.273641999999999521e-10 7.276814000000000469e-10 7.294530000000000245e-10 5.743673000000000210e-10 5.406436000000000168e-10 4.825667000000000020e-10 4.204136999999999893e-10 3.642729999999999993e-10 3.163437000000000064e-10 2.765938999999999748e-10 2.442122999999999860e-10 2.181605000000000037e-10 1.973815999999999877e-10 1.808956000000000096e-10 1.678455999999999875e-10 1.574887999999999959e-10 1.491694000000000029e-10 1.423343999999999950e-10 1.365774000000000065e-10 1.316484000000000125e-10 1.274175999999999954e-10 1.238370999999999890e-10 1.209156000000000007e-10 1.186925000000000014e-10 1.172007000000000097e-10 1.164293999999999950e-10 1.163099000000000038e-10 2.926321999999999793e-10 2.734174000000000220e-10 2.402916999999999779e-10 2.047791999999999932e-10 1.726244000000000010e-10 1.450543000000000065e-10 1.220326999999999988e-10 1.030870000000000029e-10 8.761460999999999395e-11 7.501552999999999469e-11 6.476759000000000433e-11 5.643966999999999795e-11 4.965493999999999965e-11 4.407076000000000194e-11 3.939954999999999967e-11 3.542884000000000315e-11 3.201131000000000125e-11 2.904861000000000137e-11 2.648584999999999907e-11 2.430916000000000100e-11 2.253635000000000020e-11 2.119468999999999963e-11 2.029302999999999961e-11 1.980715000000000007e-11 1.121854000000000043e-09 1.046245000000000041e-09 9.169501999999999837e-10 7.776093999999999803e-10 6.500331000000000349e-10 5.391486000000000132e-10 4.450963999999999830e-10 3.662862000000000126e-10 3.006061999999999871e-10 2.460045999999999965e-10 2.007043999999999961e-10 1.631425999999999935e-10 1.318585999999999907e-10 1.054823999999999965e-10 8.280182000000000472e-11 6.282868999999999772e-11 4.485173000000000239e-11 2.843490000000000034e-11 1.338428999999999971e-11 -2.614292000000000206e-13 -1.228000999999999949e-11 -2.241184999999999845e-11 -3.051773000000000309e-11 -3.664069999999999916e-11
1.535108999999999959e-06 1.496919999999999934e-06 1.448621999999999960e-06 1.269881000000000014e-06 1.111326999999999956e-06 9.648774999999999789e-07 8.352201000000000291e-07 7.229160000000000129e-07 6.267832999999999583e-07 5.450229000000000304e-07 4.756734000000000221e-07 4.167271000000000153e-07 3.661260999999999978e-07 3.218828000000000135e-07 2.823722999999999854e-07 2.465381000000000257e-07 2.138012000000000074e-07 1.838008000000000083e-07 1.562099000000000017e-07 1.307568999999999921e-07 1.073897999999999999e-07 8.633371000000000420e-08 6.790982999999999606e-08 5.229534999999999850e-08 1.114347000000000019e-07 1.078307000000000048e-07 1.004349999999999990e-07 8.794869000000000269e-08 7.426891000000000591e-08 6.159088999999999678e-08 5.051046000000000137e-08 4.111025999999999903e-08 3.327102999999999693e-08 2.680002000000000151e-08 2.147857999999999843e-08 1.707780000000000156e-08 1.337766999999999978e-08 1.019937999999999958e-08 7.425469999999999588e-09 4.989042000000000193e-09 2.846555000000000206e-09 9.585538999999999649e-10 -7.086045000000000008e-10 -2.166459000000000077e-09 -3.399146000000000165e-09 -4.381928999999999665e-09 -5.105011999999999742e-09 -5.582606999999999890e-09 2.007700000000000005e-09 1.965347999999999819e-09 1.870962000000000141e-09 1.704729000000000059e-09 1.523968000000000046e-09 1.360942999999999981e-09 1.223682999999999981e-09 1.112498999999999924e-09 1.024769999999999967e-09 9.568503999999999821e-10 9.048319999999999831e-10 8.649630000000000043e-10 8.340442000000000428e-10 8.096962000000000354e-10 7.903136000000000449e-10 7.747935999999999785e-10 7.622799000000000489e-10 7.520946999999999837e-10 7.438363999999999771e-10 7.374343000000000329e-10 7.329981999999999969e-10 7.305637000000000505e-10 7.299415000000000275e-10 7.307262999999999771e-10 4.948086000000000402e-10 4.825667000000000020e-10 4.566853999999999830e-10 4.122369000000000098e-10 3.636991000000000185e-10 3.191869000000000054e-10 2.808107000000000010e-10 2.487716999999999837e-10 2.225211000000000124e-10 2.012597999999999992e-10 1.841668000000000097e-10 1.704760000000000067e-10 1.594909999999999924e-10 1.505996000000000038e-10 1.433017000000000109e-10 1.372352000000000040e-10 1.321741000000000089e-10 1.279825000000000024e-10 1.245605999999999917e-10 1.218288999999999928e-10 1.197382999999999928e-10 1.182705000000000002e-10 1.174152999999999947e-10 1.171403999999999939e-10 2.473060999999999945e-10 2.402916999999999779e-10 2.254492999999999909e-10 1.999688999999999938e-10 1.720846000000000077e-10 1.464224999999999925e-10 1.241624000000000034e-10 1.053935000000000016e-10 8.979530999999999656e-11 7.694049999999999916e-11 6.641174999999999558e-11 5.781582999999999721e-11 5.077764999999999861e-11 4.495099000000000009e-11 4.004954999999999872e-11 3.588050000000000085e-11 3.233752999999999741e-11 2.935188999999999965e-11 2.685747000000000148e-11 2.479284000000000041e-11 2.311747000000000005e-11 2.181815999999999960e-11 2.089587000000000071e-11 2.034372999999999898e-11 9.462584999999999331e-10 9.169501999999999837e-10 8.570379000000000230e-10 7.560933000000000405e-10 6.453093000000000021e-10 5.422315999999999911e-10 4.515215000000000212e-10 3.737517000000000009e-10 3.079839999999999882e-10 2.528396000000000044e-10 2.068415999999999995e-10 1.684865000000000003e-10 1.362648000000000080e-10 1.087571999999999938e-10 8.483960999999999578e-11 6.380296999999999748e-11 4.523254000000000105e-11 2.882017000000000159e-11 1.427901999999999947e-11 1.372369999999999937e-12 -1.000294999999999950e-11 -1.979303000000000134e-11 -2.788207000000000097e-11 -3.422129000000000069e-11
1.314133999999999927e-06 1.299380000000000085e-06 1.269881000000000014e-06 1.232761000000000063e-06 1.091073999999999940e-06 9.621394000000000584e-07 8.411024000000000050e-07 7.326813000000000242e-07 6.379213000000000412e-07 5.561610999999999918e-07 4.859518999999999907e-07 4.254519999999999904e-07 3.727330000000000065e-07 3.261456000000000191e-07 2.845543000000000243e-07 2.472823000000000066e-07 2.138935000000000088e-07 1.840013000000000106e-07 1.571703999999999924e-07 1.329176999999999965e-07 1.108241000000000057e-07 9.070454000000000284e-08 7.265970000000000046e-08 5.691279999999999728e-08 9.167111999999999931e-08 9.051985000000000438e-08 8.794869000000000269e-08 8.243104000000000489e-08 7.270840000000000009e-08 6.178375999999999552e-08 5.149327000000000327e-08 4.239782999999999896e-08 3.461338000000000233e-08 2.805828999999999865e-08 2.256097999999999957e-08 1.792157999999999841e-08 1.396269999999999936e-08 1.055808999999999988e-08 7.628206000000000035e-09 5.118214000000000292e-09 2.978825000000000206e-09 1.156882999999999964e-09 -4.042031999999999965e-10 -1.753223999999999901e-09 -2.914239000000000156e-09 -3.882251999999999716e-09 -4.640567999999999603e-09 -5.182889000000000175e-09 1.736479999999999984e-09 1.729018999999999983e-09 1.704729000000000059e-09 1.640047999999999918e-09 1.515800000000000080e-09 1.376098999999999923e-09 1.247911999999999899e-09 1.138835999999999933e-09 1.049717000000000047e-09 9.785413000000000152e-10 9.222615000000000417e-10 8.778219999999999906e-10 8.427160000000000293e-10 8.150963999999999978e-10 7.936007999999999754e-10 7.771149999999999577e-10 7.646097000000000175e-10 7.550985999999999757e-10 7.477263000000000218e-10 7.419310000000000511e-10 7.375119999999999860e-10 7.344897999999999507e-10 7.328706999999999888e-10 7.324958000000000091e-10 4.237659000000000121e-10 4.204136999999999893e-10 4.122369000000000098e-10 3.934818000000000256e-10 3.593899999999999863e-10 3.211102999999999825e-10 2.854118999999999851e-10 2.542568000000000230e-10 2.279700999999999953e-10 2.062183999999999938e-10 1.884268000000000032e-10 1.739532999999999963e-10 1.621810000000000110e-10 1.525785999999999977e-10 1.447277999999999973e-10 1.383134999999999898e-10 1.330980999999999997e-10 1.288999000000000090e-10 1.255692999999999957e-10 1.229720999999999873e-10 1.209952999999999968e-10 1.195636999999999890e-10 1.186413999999999973e-10 1.182089999999999896e-10 2.067943999999999978e-10 2.047791999999999932e-10 1.999688999999999938e-10 1.890672999999999919e-10 1.693650999999999945e-10 1.472004999999999975e-10 1.264217999999999935e-10 1.081293999999999952e-10 9.252152999999999865e-11 7.944569999999999378e-11 6.860894000000000472e-11 5.966414999999999553e-11 5.226316999999999691e-11 4.609732999999999781e-11 4.092213000000000104e-11 3.656281000000000099e-11 3.290686000000000262e-11 2.987977000000000083e-11 2.741012000000000034e-11 2.541653000000000136e-11 2.382194999999999948e-11 2.257255000000000119e-11 2.164449999999999890e-11 2.103154000000000108e-11 7.875204000000000095e-10 7.776093999999999803e-10 7.560933000000000405e-10 7.107535000000000313e-10 6.314990999999999622e-10 5.423245999999999617e-10 4.578376999999999833e-10 3.824672000000000108e-10 3.172466999999999980e-10 2.617567000000000170e-10 2.149246999999999919e-10 1.753926000000000029e-10 1.417600999999999901e-10 1.128043000000000015e-10 8.762119999999999827e-11 6.564262000000000570e-11 4.653298000000000111e-11 3.001546999999999913e-11 1.576542000000000009e-11 3.420322000000000054e-12 -7.337934999999999267e-12 -1.668741999999999959e-11 -2.464221000000000108e-11 -3.113768999999999957e-11
1.123236000000000040e-06 1.120107000000000065e-06 1.111326999999999956e-06 1.091073999999999940e-06 1.064321000000000071e-06 9.497538000000000114e-07 8.433983000000000223e-07 7.420352999999999900e-07 6.501732999999999580e-07 5.689577999999999942e-07 4.978012999999999750e-07 4.353615999999999827e-07 3.802293000000000125e-07 3.313182000000000134e-07 2.878999999999999773e-07 2.494477000000000215e-07 2.154890999999999969e-07 1.855390000000000046e-07 1.590822000000000055e-07 1.355739999999999936e-07 1.144663999999999959e-07 9.530679999999999683e-08 7.788217999999999999e-08 6.225599999999999843e-08 7.473226000000000059e-08 7.472299000000000358e-08 7.426891000000000591e-08 7.270840000000000009e-08 6.868842999999999748e-08 6.104022999999999654e-08 5.219219000000000276e-08 4.371443999999999820e-08 3.611473000000000273e-08 2.950064000000000164e-08 2.380259999999999967e-08 1.889975000000000021e-08 1.468432000000000043e-08 1.107590000000000060e-08 8.010526999999999505e-09 5.428434000000000075e-09 3.268609999999999945e-09 1.468147999999999923e-09 -3.686703000000000230e-11 -1.308427999999999982e-09 -2.397082999999999879e-09 -3.328232000000000010e-09 -4.099458999999999916e-09 -4.696143999999999908e-09 1.511373999999999955e-09 1.519091000000000085e-09 1.523968000000000046e-09 1.515800000000000080e-09 1.473754999999999943e-09 1.380041999999999938e-09 1.270263000000000042e-09 1.167377000000000031e-09 1.078233999999999939e-09 1.003841000000000029e-09 9.429226000000000914e-10 8.936478000000000333e-10 8.543020999999999837e-10 8.234054000000000360e-10 7.996378999999999938e-10 7.817649000000000080e-10 7.686029000000000074e-10 7.590165999999999823e-10 7.519541999999999674e-10 7.465431999999999744e-10 7.422246999999999960e-10 7.388008999999999484e-10 7.362958000000000373e-10 7.347394000000000033e-10 3.635740999999999801e-10 3.642729999999999993e-10 3.636991000000000185e-10 3.593899999999999863e-10 3.462506999999999839e-10 3.198512000000000070e-10 2.891715999999999881e-10 2.599863999999999884e-10 2.341362999999999890e-10 2.120555000000000025e-10 1.935593000000000111e-10 1.782219999999999973e-10 1.655740000000000116e-10 1.551970999999999975e-10 1.467479000000000129e-10 1.399383999999999911e-10 1.345110999999999978e-10 1.302318000000000041e-10 1.268997000000000038e-10 1.243448000000000120e-10 1.224205000000000065e-10 1.210097000000000118e-10 1.200374000000000047e-10 1.194688999999999875e-10 1.723792000000000069e-10 1.726244000000000010e-10 1.720846000000000077e-10 1.693650999999999945e-10 1.615468999999999946e-10 1.460974999999999962e-10 1.281233000000000108e-10 1.109399999999999938e-10 9.562323000000000512e-11 8.244072999999999662e-11 7.129586999999999598e-11 6.194420000000000257e-11 5.411134999999999843e-11 4.755434999999999719e-11 4.207798000000000202e-11 3.752333999999999912e-11 3.375666999999999857e-11 3.067025999999999739e-11 2.817787000000000138e-11 2.619598000000000002e-11 2.463679999999999939e-11 2.342183000000000139e-11 2.249755000000000080e-11 2.184003000000000019e-11 6.508903000000000059e-10 6.500331000000000349e-10 6.453093000000000021e-10 6.314990999999999622e-10 5.977387000000000464e-10 5.345965000000000161e-10 4.615062000000000208e-10 3.911338999999999742e-10 3.276987999999999955e-10 2.722996000000000075e-10 2.245837000000000048e-10 1.835950000000000003e-10 1.482806999999999944e-10 1.177587999999999946e-10 9.136275000000000589e-11 6.857708000000000489e-11 4.899127999999999923e-11 3.226508999999999818e-11 1.805625999999999964e-11 5.980613000000000015e-12 -4.358051000000000168e-12 -1.329304000000000048e-11 -2.101298000000000161e-11 -2.754485000000000092e-11
9.608237999999999113e-07 9.633447000000001043e-07 9.648774999999999789e-07 9.621394000000000584e-07 9.497538000000000114e-07 9.314797000000000502e-07 8.371965000000000150e-07 7.481238000000000250e-07 6.617957000000000290e-07 5.821946000000000112e-07 5.103447999999999973e-07 4.460100000000000081e-07 3.886495000000000154e-07 3.377481000000000066e-07 2.928217000000000233e-07 2.533623000000000187e-07 2.188215000000000116e-07 1.886271000000000043e-07 1.622058000000000058e-07 1.389923999999999999e-07 1.184306000000000017e-07 9.998879000000000209e-08 8.323975000000000261e-08 6.798062000000000301e-08 6.055890000000000105e-08 6.106581999999999458e-08 6.159088999999999678e-08 6.178375999999999552e-08 6.104022999999999654e-08 5.815741000000000090e-08 5.205545000000000308e-08 4.474982999999999911e-08 3.758386999999999917e-08 3.100515000000000020e-08 2.514396000000000051e-08 2.001093000000000050e-08 1.557669000000000156e-08 1.179443999999999924e-08 8.605317000000000094e-09 5.942462000000000401e-09 3.735925999999999906e-09 1.916592000000000116e-09 4.180959000000000203e-10 -8.227683000000000197e-10 -1.864705999999999826e-09 -2.754551000000000076e-09 -3.515147000000000083e-09 -4.143545000000000295e-09 1.330117000000000030e-09 1.343850999999999974e-09 1.360942999999999981e-09 1.376098999999999923e-09 1.380041999999999938e-09 1.354249999999999950e-09 1.282214000000000097e-09 1.193407999999999897e-09 1.107632999999999953e-09 1.031373000000000053e-09 9.664244000000000154e-10 9.126908000000000263e-10 8.693193999999999666e-10 8.351383999999999789e-10 8.088421000000000187e-10 7.890972000000000324e-10 7.746134000000000250e-10 7.641835000000000216e-10 7.566985999999999495e-10 7.511711000000000428e-10 7.468074000000000282e-10 7.431152000000000355e-10 7.399407000000000482e-10 7.373393999999999736e-10 3.138745000000000104e-10 3.163437000000000064e-10 3.191869000000000054e-10 3.211102999999999825e-10 3.198512000000000070e-10 3.108531000000000233e-10 2.900168000000000112e-10 2.648516000000000142e-10 2.404185000000000213e-10 2.184354000000000044e-10 1.993843999999999944e-10 1.832191000000000120e-10 1.697023000000000024e-10 1.585517000000000099e-10 1.494837000000000005e-10 1.422198999999999950e-10 1.364870999999999918e-10 1.320216999999999992e-10 1.285826999999999917e-10 1.259667999999999935e-10 1.240080000000000023e-10 1.225681999999999914e-10 1.215409000000000037e-10 1.208603000000000019e-10 1.438241999999999954e-10 1.450543000000000065e-10 1.464224999999999925e-10 1.472004999999999975e-10 1.460974999999999962e-10 1.405068000000000023e-10 1.281181999999999878e-10 1.132413000000000022e-10 9.879002999999999360e-11 8.574306999999999444e-11 7.436233999999999594e-11 6.460683999999999535e-11 5.633289000000000191e-11 4.937910999999999840e-11 4.358982000000000096e-11 3.881521000000000218e-11 3.490917999999999727e-11 3.173550999999999793e-11 2.918063999999999752e-11 2.715399000000000070e-11 2.557236000000000071e-11 2.435255999999999978e-11 2.342218999999999918e-11 2.273308999999999881e-11 5.358632999999999646e-10 5.391486000000000132e-10 5.422315999999999911e-10 5.423245999999999617e-10 5.345965000000000161e-10 5.094299999999999665e-10 4.582891999999999791e-10 3.975024000000000128e-10 3.380441999999999978e-10 2.836294999999999768e-10 2.352661999999999832e-10 1.928361000000000006e-10 1.558741999999999951e-10 1.238722000000000109e-10 9.633741000000000440e-11 7.278006000000000200e-11 5.271137999999999991e-11 3.568205999999999993e-11 2.130393000000000048e-11 9.206218000000000789e-12 -9.981387999999999393e-13 -9.689096999999999866e-12 -1.717683000000000124e-11 -2.363486000000000093e-11
8.236941999999999749e-07 8.288082000000000033e-07 8.352201000000000291e-07 8.411024000000000050e-07 8.433983000000000223e-07 8.371965000000000150e-07 8.254532999999999764e-07 7.463128999999999489e-07 6.698981000000000262e-07 5.940445999999999485e-07 5.225797999999999742e-07 4.570964000000000008e-07 3.981443000000000244e-07 3.457421000000000185e-07 2.995917000000000237e-07 2.592051000000000160e-07 2.239985999999999978e-07 1.933587999999999937e-07 1.666821000000000020e-07 1.433949999999999946e-07 1.229564999999999933e-07 1.048491999999999990e-07 8.858460000000000034e-08 7.377502000000000359e-08 4.885414999999999678e-08 4.956778999999999681e-08 5.051046000000000137e-08 5.149327000000000327e-08 5.219219000000000276e-08 5.205545000000000308e-08 4.999053999999999972e-08 4.497672999999999964e-08 3.871696000000000234e-08 3.241122000000000215e-08 2.652624999999999905e-08 2.125715000000000119e-08 1.666466000000000147e-08 1.273808000000000033e-08 9.428713999999999417e-09 6.669930000000000355e-09 4.389363999999999857e-09 2.515755999999999972e-09 9.821850999999999856e-10 -2.733692000000000118e-10 -1.308778000000000089e-09 -2.176781999999999815e-09 -2.918920000000000090e-09 -3.554881999999999843e-09 1.187108999999999938e-09 1.202481999999999984e-09 1.223682999999999981e-09 1.247911999999999899e-09 1.270263000000000042e-09 1.282214000000000097e-09 1.266928000000000074e-09 1.209002000000000081e-09 1.133751999999999954e-09 1.059235000000000013e-09 9.921940999999999249e-10 9.350315999999999168e-10 8.880606000000000176e-10 8.505824000000000136e-10 8.214374000000000073e-10 7.993053999999999848e-10 7.828695999999999825e-10 7.708981000000000099e-10 7.622736000000000052e-10 7.559950999999999633e-10 7.511854999999999802e-10 7.471525999999999496e-10 7.434834000000000508e-10 7.400740000000000440e-10 2.734697999999999752e-10 2.765938999999999748e-10 2.808107000000000010e-10 2.854118999999999851e-10 2.891715999999999881e-10 2.900168000000000112e-10 2.838737000000000141e-10 2.669932000000000123e-10 2.458107000000000185e-10 2.248132000000000090e-10 2.056359999999999918e-10 1.888600999999999877e-10 1.745904000000000126e-10 1.627140999999999882e-10 1.530154000000000122e-10 1.452318000000000040e-10 1.390875000000000121e-10 1.343109000000000020e-10 1.306457000000000083e-10 1.278638999999999879e-10 1.257774000000000024e-10 1.242363000000000118e-10 1.231179000000000128e-10 1.223291000000000031e-10 1.204367000000000076e-10 1.220326999999999988e-10 1.241624000000000034e-10 1.264217999999999935e-10 1.281233000000000108e-10 1.281181999999999878e-10 1.241153000000000077e-10 1.140074999999999938e-10 1.014649999999999955e-10 8.904129999999999784e-11 7.764710000000000425e-11 6.759566999999999928e-11 5.893968000000000155e-11 5.161688000000000048e-11 4.551180999999999770e-11 4.048511000000000176e-11 3.638954000000000248e-11 3.307964000000000262e-11 3.042175999999999820e-11 2.830681999999999994e-11 2.664989000000000086e-11 2.537482999999999842e-11 2.440686999999999897e-11 2.368194000000000117e-11 4.401099000000000127e-10 4.450963999999999830e-10 4.515215000000000212e-10 4.578376999999999833e-10 4.615062000000000208e-10 4.582891999999999791e-10 4.396457000000000010e-10 3.976284999999999882e-10 3.460318999999999784e-10 2.944178000000000253e-10 2.462687000000000183e-10 2.028879000000000124e-10 1.646185999999999892e-10 1.313559000000000106e-10 1.027658999999999961e-10 7.839599999999999997e-11 5.773939000000000243e-11 4.028566999999999872e-11 2.557587000000000096e-11 1.322499999999999989e-11 2.879911999999999937e-12 -5.815783999999999970e-12 -1.320735999999999998e-11 -1.957271999999999983e-11
7.083513999999999567e-07 7.144625000000000226e-07 7.229160000000000129e-07 7.326813000000000242e-07 7.420352999999999900e-07 7.481238000000000250e-07 7.463128999999999489e-07 7.387793000000000038e-07 6.700033000000000502e-07 6.019540999999999572e-07 5.333141999999999912e-07 4.682570000000000087e-07 4.087295000000000205e-07 3.554149000000000176e-07 3.083048000000000225e-07 2.670289000000000096e-07 2.310485000000000059e-07 1.997642999999999910e-07 1.725776000000000034e-07 1.489198000000000018e-07 1.282635000000000024e-07 1.101150999999999958e-07 9.400719000000000363e-08 7.950044999999999506e-08 3.926660000000000169e-08 4.003191999999999839e-08 4.111025999999999903e-08 4.239782999999999896e-08 4.371443999999999820e-08 4.474982999999999911e-08 4.497672999999999964e-08 4.338552999999999793e-08 3.904553000000000010e-08 3.349205000000000244e-08 2.785877000000000098e-08 2.261237999999999962e-08 1.794538000000000157e-08 1.390870999999999922e-08 1.048205000000000021e-08 7.611812000000000225e-09 5.231531999999999838e-09 3.272618999999999905e-09 1.669479999999999905e-09 3.614644999999999981e-10 -7.068012000000000511e-10 -1.586692999999999951e-09 -2.325092000000000102e-09 -2.958509000000000045e-09 1.076174999999999957e-09 1.091100999999999994e-09 1.112498999999999924e-09 1.138835999999999933e-09 1.167377000000000031e-09 1.193407999999999897e-09 1.209002000000000081e-09 1.199060999999999898e-09 1.149905999999999979e-09 1.084307000000000028e-09 1.018944000000000033e-09 9.602325999999999004e-10 9.104290999999999492e-10 8.697569000000000491e-10 8.374841999999999812e-10 8.124835999999999797e-10 7.935193999999999802e-10 7.793903000000000274e-10 7.689935999999999572e-10 7.613402000000000424e-10 7.555522000000000206e-10 7.508662000000000432e-10 7.466861000000000319e-10 7.426682999999999551e-10 2.409903000000000048e-10 2.442122999999999860e-10 2.487716999999999837e-10 2.542568000000000230e-10 2.599863999999999884e-10 2.648516000000000142e-10 2.669932000000000123e-10 2.627351000000000040e-10 2.486218000000000213e-10 2.303078000000000006e-10 2.118927000000000121e-10 1.949822000000000114e-10 1.802043000000000092e-10 1.677009000000000025e-10 1.573731000000000012e-10 1.490088999999999961e-10 1.423530000000000046e-10 1.371423999999999937e-10 1.331243000000000022e-10 1.300646999999999872e-10 1.277579999999999894e-10 1.260369000000000055e-10 1.247689000000000105e-10 1.238465000000000128e-10 1.014388999999999991e-10 1.030870000000000029e-10 1.053935000000000016e-10 1.081293999999999952e-10 1.109399999999999938e-10 1.132413000000000022e-10 1.140074999999999938e-10 1.111464999999999946e-10 1.026854999999999966e-10 9.182970000000000240e-11 8.090652999999999534e-11 7.081813000000000048e-11 6.191615000000000492e-11 5.428290999999999856e-11 4.786826000000000226e-11 4.256038999999999855e-11 3.822334999999999989e-11 3.471605999999999778e-11 3.190223000000000229e-11 2.965886999999999800e-11 2.788695999999999975e-11 2.651062999999999929e-11 2.546264999999999995e-11 2.467680000000000003e-11 3.608797999999999866e-10 3.662862000000000126e-10 3.737517000000000009e-10 3.824672000000000108e-10 3.911338999999999742e-10 3.975024000000000128e-10 3.976284999999999882e-10 3.835960000000000162e-10 3.479138999999999932e-10 3.026545000000000223e-10 2.566376000000000155e-10 2.134156999999999975e-10 1.744819999999999926e-10 1.402873000000000063e-10 1.107472999999999976e-10 8.551362999999999900e-11 6.412223000000000192e-11 4.607257999999999875e-11 3.087596000000000165e-11 1.810390999999999934e-11 7.405284000000000013e-12 -1.538356000000000034e-12 -9.045665999999999475e-12 -1.542459000000000021e-11
6.115095999999999795e-07 6.177814999999999524e-07 6.267832999999999583e-07 6.379213000000000412e-07 6.501732999999999580e-07 6.617957000000000290e-07 6.698981000000000262e-07 6.700033000000000502e-07 6.640496000000000516e-07 6.022821999999999508e-07 5.407527999999999610e-07 4.786968000000000040e-07 4.200623999999999882e-07 3.666053000000000223e-07 3.188700999999999881e-07 2.767762999999999927e-07 2.399377999999999768e-07 2.078377000000000083e-07 1.799218000000000038e-07 1.556466999999999878e-07 1.344989999999999923e-07 1.160056999999999970e-07 9.972589000000000044e-08 8.523834999999999776e-08 3.145883999999999928e-08 3.219914000000000096e-08 3.327102999999999693e-08 3.461338000000000233e-08 3.611473000000000273e-08 3.758386999999999917e-08 3.871696000000000234e-08 3.904553000000000010e-08 3.769982999999999884e-08 3.387454000000000284e-08 2.896214999999999971e-08 2.398999999999999843e-08 1.937493000000000063e-08 1.528258000000000039e-08 1.175224000000000035e-08 8.761712000000000153e-09 6.261170000000000207e-09 4.190624999999999681e-09 2.488772000000000099e-09 1.097569000000000059e-09 -3.648914000000000258e-11 -9.624109000000000685e-10 -1.725579999999999949e-09 -2.367336000000000189e-09 9.915489000000000148e-10 1.005066000000000094e-09 1.024769999999999967e-09 1.049717000000000047e-09 1.078233999999999939e-09 1.107632999999999953e-09 1.133751999999999954e-09 1.149905999999999979e-09 1.143031999999999946e-09 1.100930000000000044e-09 1.043911999999999983e-09 9.869508000000000367e-10 9.357744999999999515e-10 8.923607999999999528e-10 8.568734000000000077e-10 8.286422000000000236e-10 8.066608999999999601e-10 7.898390999999999552e-10 7.771215999999999937e-10 7.675442000000000139e-10 7.602451000000000261e-10 7.544594000000000138e-10 7.495220000000000304e-10 7.449167000000000318e-10 2.151310999999999996e-10 2.181605000000000037e-10 2.225211000000000124e-10 2.279700999999999953e-10 2.341362999999999890e-10 2.404185000000000213e-10 2.458107000000000185e-10 2.486218000000000213e-10 2.455416000000000054e-10 2.334455000000000186e-10 2.174256000000000117e-10 2.012420999999999921e-10 1.863892999999999986e-10 1.734454999999999932e-10 1.625325000000000020e-10 1.535505000000000065e-10 1.463009000000000040e-10 1.405503999999999937e-10 1.360616999999999924e-10 1.326088000000000002e-10 1.299832999999999920e-10 1.280028000000000111e-10 1.265190000000000105e-10 1.254156999999999912e-10 8.608909999999999433e-11 8.761460999999999395e-11 8.979530999999999656e-11 9.252152999999999865e-11 9.562323000000000512e-11 9.879002999999999360e-11 1.014649999999999955e-10 1.026854999999999966e-10 1.005485000000000044e-10 9.326565000000000094e-11 8.372995999999999434e-11 7.408618999999999736e-11 6.518229999999999782e-11 5.734660000000000285e-11 5.065147000000000288e-11 4.504633000000000320e-11 4.042572000000000074e-11 3.666451999999999774e-11 3.363475999999999915e-11 3.121366000000000091e-11 2.929119999999999781e-11 2.777959999999999848e-11 2.661195000000000032e-11 2.572903000000000028e-11 2.954773999999999954e-10 3.006061999999999871e-10 3.079839999999999882e-10 3.172466999999999980e-10 3.276987999999999955e-10 3.380441999999999978e-10 3.460318999999999784e-10 3.479138999999999932e-10 3.365189000000000031e-10 3.051574999999999877e-10 2.648320000000000218e-10 2.237223999999999935e-10 1.851694000000000079e-10 1.505488999999999980e-10 1.202420999999999874e-10 9.413658999999999359e-11 7.188923000000000467e-11 5.306377999999999990e-11 3.720094999999999730e-11 2.385938999999999897e-11 1.265488000000000070e-11 3.275932999999999871e-12 -4.558955000000000136e-12 -1.113495000000000073e-11
5.302596000000000163e-07 5.362605000000000260e-07 5.450229000000000304e-07 5.561610999999999918e-07 5.689577999999999942e-07 5.821946000000000112e-07 5.940445999999999485e-07 6.019540999999999572e-07 6.022821999999999508e-07 5.972877000000000446e-07 5.418453999999999876e-07 4.867601999999999835e-07 4.312398000000000047e-07 3.788008000000000206e-07 3.309884999999999863e-07 2.882721000000000208e-07 2.505712000000000117e-07 2.175403000000000041e-07 1.887212999999999894e-07 1.636214000000000016e-07 1.417586999999999894e-07 1.226776000000000132e-07 1.059551000000000036e-07 9.119768999999999426e-08 2.513056000000000054e-08 2.580868000000000026e-08 2.680002000000000151e-08 2.805828999999999865e-08 2.950064000000000164e-08 3.100515000000000020e-08 3.241122000000000215e-08 3.349205000000000244e-08 3.387454000000000284e-08 3.279088000000000040e-08 2.949038999999999994e-08 2.520504999999999911e-08 2.085202000000000013e-08 1.680352999999999853e-08 1.320864000000000041e-08 1.010424999999999931e-08 7.472463999999999685e-09 5.270400000000000329e-09 3.446058000000000178e-09 1.945967999999999830e-09 7.191224999999999639e-10 -2.815026999999999920e-10 -1.098987000000000022e-09 -1.773440000000000030e-09 9.281626999999999592e-10 9.398208000000000143e-10 9.568503999999999821e-10 9.785413000000000152e-10 1.003841000000000029e-09 1.031373000000000053e-09 1.059235000000000013e-09 1.084307000000000028e-09 1.100930000000000044e-09 1.097238000000000011e-09 1.061732000000000031e-09 1.012388000000000041e-09 9.626350999999999859e-10 9.176527999999999933e-10 8.792671000000000107e-10 8.476791000000000367e-10 8.223383999999999817e-10 8.023851999999999766e-10 7.868779999999999580e-10 7.749021000000000304e-10 7.656181000000000034e-10 7.582733000000000268e-10 7.521974999999999763e-10 7.468052999999999792e-10 1.947132000000000044e-10 1.973815999999999877e-10 2.012597999999999992e-10 2.062183999999999938e-10 2.120555000000000025e-10 2.184354000000000044e-10 2.248132000000000090e-10 2.303078000000000006e-10 2.334455000000000186e-10 2.312703999999999917e-10 2.209203999999999964e-10 2.069617000000000009e-10 1.927922999999999971e-10 1.797642000000000026e-10 1.684014999999999949e-10 1.588171000000000067e-10 1.509257999999999949e-10 1.445539999999999901e-10 1.394963999999999992e-10 1.355440999999999931e-10 1.324973000000000001e-10 1.301710999999999901e-10 1.284034999999999950e-10 1.270635000000000028e-10 7.370773999999999749e-11 7.501552999999999469e-11 7.694049999999999916e-11 7.944569999999999378e-11 8.244072999999999662e-11 8.574306999999999444e-11 8.904129999999999784e-11 9.182970000000000240e-11 9.326565000000000094e-11 9.165723000000000041e-11 8.537666999999999713e-11 7.702606000000000470e-11 6.854819000000000056e-11 6.071197000000000268e-11 5.381537999999999682e-11 4.792501999999999727e-11 4.299716000000000215e-11 3.893894999999999818e-11 3.563977000000000213e-11 3.298626999999999935e-11 3.086966000000000319e-11 2.919203999999999968e-11 2.787549999999999850e-11 2.686143999999999909e-11 2.414352999999999965e-10 2.460045999999999965e-10 2.528396000000000044e-10 2.617567000000000170e-10 2.722996000000000075e-10 2.836294999999999768e-10 2.944178000000000253e-10 3.026545000000000223e-10 3.051574999999999877e-10 2.956521999999999854e-10 2.681002999999999763e-10 2.324021999999999970e-10 1.959515999999999988e-10 1.617576000000000029e-10 1.310519999999999937e-10 1.041724000000000031e-10 8.101721000000000027e-11 6.128122000000000048e-11 4.457862000000000094e-11 3.050195999999999860e-11 1.866010999999999893e-11 8.713180000000000239e-12 3.845793000000000130e-13 -6.575015000000000333e-12
4.620938999999999897e-07 4.676017000000000042e-07 4.756734000000000221e-07 4.859518999999999907e-07 4.978012999999999750e-07 5.103447999999999973e-07 5.225797999999999742e-07 5.333141999999999912e-07 5.407527999999999610e-07 5.418453999999999876e-07 5.386495000000000086e-07 4.894549000000000188e-07 4.405287999999999762e-07 3.910074999999999892e-07 3.440852000000000112e-07 3.011873000000000119e-07 2.627694000000000104e-07 2.287883000000000000e-07 1.989536999999999930e-07 1.728700000000000121e-07 1.501067999999999978e-07 1.302367000000000005e-07 1.128561999999999991e-07 9.759146000000000453e-08 2.002200999999999877e-08 2.061661999999999989e-08 2.147857999999999843e-08 2.256097999999999957e-08 2.380259999999999967e-08 2.514396000000000051e-08 2.652624999999999905e-08 2.785877000000000098e-08 2.896214999999999971e-08 2.949038999999999994e-08 2.871581999999999938e-08 2.591542999999999888e-08 2.218878000000000038e-08 1.836789000000000077e-08 1.479482999999999987e-08 1.161018000000000054e-08 8.852218000000000460e-09 6.508882999999999680e-09 4.544631999999999656e-09 2.914721999999999853e-09 1.572658000000000009e-09 4.738636999999999960e-10 -4.230325999999999873e-10 -1.156138999999999992e-09 8.816169000000000474e-10 8.911087999999999658e-10 9.048319999999999831e-10 9.222615000000000417e-10 9.429226000000000914e-10 9.664244000000000154e-10 9.921940999999999249e-10 1.018944000000000033e-09 1.043911999999999983e-09 1.061732000000000031e-09 1.061202999999999939e-09 1.031342000000000097e-09 9.882614000000000921e-10 9.442015999999999999e-10 9.039620999999999963e-10 8.693047000000000370e-10 8.405002000000000047e-10 8.171216999999999908e-10 7.984470000000000450e-10 7.836668999999999876e-10 7.719854999999999497e-10 7.626678999999999653e-10 7.550501000000000250e-10 7.485339000000000015e-10 1.786795999999999989e-10 1.808956000000000096e-10 1.841668000000000097e-10 1.884268000000000032e-10 1.935593000000000111e-10 1.993843999999999944e-10 2.056359999999999918e-10 2.118927000000000121e-10 2.174256000000000117e-10 2.209203999999999964e-10 2.196444000000000103e-10 2.108870999999999882e-10 1.987421000000000007e-10 1.862963000000000022e-10 1.747902999999999904e-10 1.647163999999999907e-10 1.561922999999999891e-10 1.491537999999999932e-10 1.434538000000000025e-10 1.389142999999999894e-10 1.353515999999999961e-10 1.325888999999999897e-10 1.304618999999999928e-10 1.288261000000000066e-10 6.369240000000000435e-11 6.476759000000000433e-11 6.641174999999999558e-11 6.860894000000000472e-11 7.129586999999999598e-11 7.436233999999999594e-11 7.764710000000000425e-11 8.090652999999999534e-11 8.372995999999999434e-11 8.537666999999999713e-11 8.429075999999999979e-11 7.893512999999999427e-11 7.164437000000000000e-11 6.418392999999999872e-11 5.725893999999999997e-11 5.114830999999999938e-11 4.592030999999999944e-11 4.154169999999999857e-11 3.793345999999999900e-11 3.499943000000000246e-11 3.263965000000000138e-11 3.075743000000000175e-11 2.926573000000000317e-11 2.809515000000000030e-11 1.966709000000000069e-10 2.007043999999999961e-10 2.068415999999999995e-10 2.149246999999999919e-10 2.245837000000000048e-10 2.352661999999999832e-10 2.462687000000000183e-10 2.566376000000000155e-10 2.648320000000000218e-10 2.681002999999999763e-10 2.606717000000000150e-10 2.368218000000000207e-10 2.054124000000000071e-10 1.731431999999999951e-10 1.427602999999999987e-10 1.154057000000000045e-10 9.141126999999999405e-11 7.070872999999999773e-11 5.304032000000000234e-11 3.807177999999999754e-11 2.544568000000000068e-11 1.481427000000000126e-11 5.875895000000000379e-12 -1.613052000000000022e-12
