1.819931999999999968e-06 1.461796000000000022e-06 1.156258999999999978e-06 9.081141999999999857e-07 7.136727999999999503e-07 5.633849999999999854e-07 4.478571999999999957e-07 3.592824999999999880e-07 2.915031000000000051e-07 2.395939000000000025e-07 1.991311000000000036e-07 1.657514000000000081e-07 1.358119999999999988e-07 1.073390000000000058e-07 8.024898999999999628e-08 5.585932999999999678e-08 3.565427000000000286e-08 2.020659999999999844e-08 9.125535999999999454e-09 1.194709000000000061e-07 9.506388999999999483e-08 7.077194999999999734e-08 5.121111999999999965e-08 3.632101999999999789e-08 2.526874999999999921e-08 1.719446999999999925e-08 1.137950999999999931e-08 7.251632999999999830e-09 4.328683000000000116e-09 2.162596999999999827e-09 3.755860999999999899e-10 -1.252287000000000103e-09 -2.761398000000000187e-09 -4.053681999999999816e-09 -4.998469000000000102e-09 -5.543503999999999761e-09 -5.730928000000000375e-09 -5.648744000000000113e-09 1.712140000000000045e-09 1.414661000000000064e-09 1.124174000000000093e-09 8.981204000000000205e-10 7.336967000000000437e-10 6.186960000000000109e-10 5.410686999999999723e-10 4.908663000000000423e-10 4.600619999999999774e-10 4.419002999999999862e-10 4.307588999999999796e-10 4.226590000000000084e-10 4.156644999999999764e-10 4.097022000000000206e-10 4.057003999999999776e-10 4.044238000000000071e-10 4.058299999999999831e-10 4.091837000000000187e-10 4.134899999999999856e-10 3.917352000000000040e-10 3.197863999999999784e-10 2.486806999999999786e-10 1.920717999999999943e-10 1.495151000000000062e-10 1.183774999999999875e-10 9.601189999999999805e-11 8.017331000000000384e-11 6.904659000000000579e-11 6.123797000000000427e-11 5.566355999999999834e-11 5.149282000000000071e-11 4.818998999999999790e-11 4.549502999999999825e-11 4.338260999999999744e-11 4.196900000000000262e-11 4.134492999999999880e-11 4.146705000000000313e-11 4.217798000000000038e-11 4.375293000000000227e-10 3.519730999999999806e-10 2.668704999999999833e-10 1.982748000000000089e-10 1.457993000000000127e-10 1.064941000000000004e-10 7.733940999999999670e-11 5.575355000000000208e-11 3.974026999999999743e-11 2.783818999999999975e-11 1.888500000000000122e-11 1.191322999999999931e-11 6.156419000000000366e-12 1.138553999999999916e-12 -3.244397000000000075e-12 -6.813483000000000281e-12 -9.361301999999999242e-12 -1.085025000000000054e-11 -1.141781999999999951e-11 6.596071999999999967e-10 5.311366000000000413e-10 4.030255999999999963e-10 2.992577999999999796e-10 2.194459999999999937e-10 1.593212999999999997e-10 1.144251000000000012e-10 8.098191000000000506e-11 5.613552999999999759e-11 3.772476000000000131e-11 2.397247999999999925e-11 1.331288000000000052e-11 4.420533999999999832e-12 -3.517294999999999908e-12 -1.065796999999999967e-11 -1.668592999999999896e-11 -2.121423999999999867e-11 -2.410640000000000076e-11 -2.551975999999999990e-11
1.461796000000000022e-06 1.385812000000000048e-06 1.137860999999999921e-06 9.140086000000000203e-07 7.270572999999999998e-07 5.779329999999999646e-07 4.612927000000000236e-07 3.709117000000000033e-07 3.011220999999999803e-07 2.467958000000000241e-07 2.031863000000000067e-07 1.665361999999999875e-07 1.346683000000000016e-07 1.065124000000000029e-07 8.135607000000000648e-08 5.889264000000000106e-08 3.952929000000000257e-08 2.390698000000000051e-08 1.217402999999999999e-08 9.506388999999999483e-08 8.648884999999999959e-08 6.957313000000000540e-08 5.218368000000000317e-08 3.785173000000000035e-08 2.679496999999999975e-08 1.853422999999999960e-08 1.248534999999999970e-08 8.096121000000000688e-09 4.859824000000000319e-09 2.364695999999999875e-09 3.589076000000000149e-10 -1.282263999999999906e-09 -2.638485000000000117e-09 -3.759066000000000303e-09 -4.629676000000000050e-09 -5.201707999999999590e-09 -5.464234000000000303e-09 -5.462116999999999616e-09 1.414661000000000064e-09 1.317875999999999968e-09 1.119176999999999929e-09 9.180061000000000152e-10 7.583414999999999501e-10 6.414744000000000157e-10 5.600489000000000056e-10 5.055813000000000272e-10 4.702570999999999932e-10 4.475370999999999930e-10 4.326938000000000036e-10 4.227938000000000171e-10 4.160621999999999863e-10 4.114065999999999801e-10 4.084141000000000031e-10 4.072156000000000098e-10 4.079456999999999968e-10 4.103321000000000166e-10 4.137265999999999783e-10 3.197863999999999784e-10 2.952371000000000123e-10 2.459305999999999820e-10 1.954814999999999934e-10 1.543799999999999880e-10 1.230929000000000051e-10 1.000262000000000061e-10 8.331530000000000386e-11 7.135042999999999408e-11 6.282171999999999376e-11 5.665010999999999841e-11 5.203588000000000183e-11 4.852124000000000258e-11 4.588616000000000246e-11 4.398415999999999703e-11 4.272488000000000162e-11 4.209399000000000288e-11 4.208297000000000037e-11 4.261568999999999731e-11 3.519730999999999806e-10 3.220348999999999836e-10 2.625736000000000144e-10 2.013793999999999963e-10 1.507978000000000084e-10 1.114561000000000061e-10 8.156919999999999942e-11 5.910295999999999760e-11 4.234196999999999916e-11 2.981605000000000118e-11 2.022269000000000094e-11 1.259286000000000012e-11 6.409307000000000167e-12 1.397042999999999988e-12 -2.673387000000000067e-12 -5.939720000000000059e-12 -8.391460000000000677e-12 -9.974956999999999216e-12 -1.072409000000000020e-11 5.311366000000000413e-10 4.856895999999999810e-10 3.959503000000000053e-10 3.034743000000000136e-10 2.266778999999999892e-10 1.665959999999999901e-10 1.207029000000000010e-10 8.610960000000000217e-11 6.027220999999999850e-11 4.092171999999999701e-11 2.606537999999999894e-11 1.424593999999999978e-11 4.618539999999999826e-12 -3.328355000000000109e-12 -9.959539999999999787e-12 -1.544895000000000032e-11 -1.974441999999999999e-11 -2.272416000000000079e-11 -2.439504000000000063e-11
1.156258999999999978e-06 1.137860999999999921e-06 1.089598000000000067e-06 9.106592000000000393e-07 7.420502999999999806e-07 5.976716999999999506e-07 4.806362999999999666e-07 3.879767000000000042e-07 3.149804999999999928e-07 2.566440999999999972e-07 2.087837999999999879e-07 1.687629999999999873e-07 1.351488000000000038e-07 1.069312000000000040e-07 8.306013999999999562e-08 6.244372999999999981e-08 4.439874000000000254e-08 2.900031000000000116e-08 1.664962000000000149e-08 7.077194999999999734e-08 6.957313000000000540e-08 6.429080000000000550e-08 5.244327999999999842e-08 3.967873999999999734e-08 2.890465000000000068e-08 2.047601000000000072e-08 1.409422999999999921e-08 9.285640999999999285e-09 5.604293000000000015e-09 2.744297000000000000e-09 5.301962000000000183e-10 -1.157183999999999961e-09 -2.431239999999999971e-09 -3.407798999999999845e-09 -4.171373000000000377e-09 -4.735749999999999906e-09 -5.071747000000000271e-09 -5.172775999999999964e-09 1.124174000000000093e-09 1.119176999999999929e-09 1.066124999999999976e-09 9.324468000000000355e-10 7.894938000000000019e-10 6.734891000000000416e-10 5.876215000000000475e-10 5.269451000000000149e-10 4.850132999999999799e-10 4.563694999999999924e-10 4.372075999999999927e-10 4.249703000000000250e-10 4.177063999999999877e-10 4.137092999999999953e-10 4.116057000000000131e-10 4.106722000000000183e-10 4.108105000000000053e-10 4.120676999999999956e-10 4.142369999999999831e-10 2.486806999999999786e-10 2.459305999999999820e-10 2.312560000000000025e-10 1.970689000000000090e-10 1.603197000000000032e-10 1.296040000000000055e-10 1.057900999999999969e-10 8.796012000000000386e-11 7.485152999999999660e-11 6.525888999999999518e-11 5.821523000000000619e-11 5.304356999999999791e-11 4.928547000000000083e-11 4.662763000000000011e-11 4.483594999999999860e-11 4.370480000000000013e-11 4.309466999999999776e-11 4.295843999999999724e-11 4.327587999999999796e-11 2.668704999999999833e-10 2.625736000000000144e-10 2.438856000000000165e-10 2.019449999999999938e-10 1.566864999999999996e-10 1.182069999999999983e-10 8.766581000000000407e-11 6.416845999999999939e-11 4.632193999999999679e-11 3.270134999999999818e-11 2.212730000000000084e-11 1.379119999999999964e-11 7.208844999999999864e-12 2.093622999999999833e-12 -1.819540000000000141e-12 -4.822544999999999824e-12 -7.117257999999999964e-12 -8.748534000000000777e-12 -9.697551999999999955e-12 4.030255999999999963e-10 3.959503000000000053e-10 3.672372999999999825e-10 3.036809000000000075e-10 2.350614999999999746e-10 1.764790000000000117e-10 1.298352000000000088e-10 9.386393999999999919e-11 6.645507999999999919e-11 4.544178000000000027e-11 2.902572000000000004e-11 1.598054000000000089e-11 5.609224999999999861e-12 -2.524266999999999992e-12 -8.867736999999999820e-12 -1.387603000000000060e-11 -1.784098999999999949e-11 -2.081645000000000144e-11 -2.275055999999999914e-11
9.081141999999999857e-07 9.140086000000000203e-07 9.106592000000000393e-07 8.834869000000000098e-07 7.496045000000000073e-07 6.188118000000000381e-07 5.042459999999999745e-07 4.094592000000000247e-07 3.321571999999999854e-07 2.687754999999999837e-07 2.165014000000000093e-07 1.734643999999999925e-07 1.382297000000000112e-07 1.094789999999999972e-07 8.593242000000000630e-08 6.633381000000000257e-08 4.953210000000000187e-08 3.483231999999999992e-08 2.226045999999999987e-08 5.121111999999999965e-08 5.218368000000000317e-08 5.244327999999999842e-08 4.944105999999999842e-08 4.091854999999999949e-08 3.124715000000000330e-08 2.285980999999999987e-08 1.610178000000000020e-08 1.077339000000000016e-08 6.609002999999999951e-09 3.401307999999999893e-09 9.831269999999999697e-10 -7.975774000000000504e-10 -2.083295000000000094e-09 -3.007013999999999973e-09 -3.688498000000000015e-09 -4.208911999999999910e-09 -4.582089000000000347e-09 -4.781450999999999767e-09 8.981204000000000205e-10 9.180061000000000152e-10 9.324468000000000355e-10 9.082452999999999924e-10 8.158422999999999549e-10 7.102877000000000266e-10 6.217990999999999854e-10 5.540914000000000290e-10 5.044597999999999706e-10 4.693003000000000157e-10 4.454586999999999788e-10 4.302726000000000058e-10 4.214336000000000221e-10 4.169095000000000067e-10 4.149377000000000074e-10 4.141813999999999921e-10 4.139729999999999931e-10 4.142483999999999982e-10 4.151036999999999838e-10 1.920717999999999943e-10 1.954814999999999934e-10 1.970689000000000090e-10 1.891159000000000004e-10 1.646880999999999909e-10 1.368574000000000045e-10 1.129208999999999988e-10 9.398342999999999750e-11 7.950906999999999818e-11 6.862450000000000430e-11 6.056283999999999360e-11 5.472401000000000079e-11 5.061368999999999777e-11 4.780757000000000043e-11 4.597042000000000073e-11 4.484955999999999696e-11 4.424122999999999969e-11 4.401628999999999762e-11 4.413552000000000094e-11 1.982748000000000089e-10 2.013793999999999963e-10 2.019449999999999938e-10 1.909823000000000054e-10 1.603747999999999899e-10 1.255721999999999895e-10 9.525087999999999813e-11 7.078525000000000638e-11 5.155638999999999778e-11 3.652374000000000084e-11 2.479528000000000014e-11 1.570289999999999845e-11 8.713584999999999772e-12 3.395840000000000200e-12 -5.776335000000000347e-13 -3.505107999999999851e-12 -5.679050000000000121e-12 -7.292613999999999848e-12 -8.389280999999999743e-12 2.992577999999999796e-10 3.034743000000000136e-10 3.036809000000000075e-10 2.865464999999999782e-10 2.400148000000000116e-10 1.872575999999999924e-10 1.412059999999999878e-10 1.039114000000000001e-10 7.445982999999999939e-11 5.129610999999999679e-11 3.307577999999999742e-11 1.880241000000000086e-11 7.711342999999999850e-12 -7.911187000000000226e-13 -7.200466999999999797e-12 -1.202090000000000020e-11 -1.572077000000000027e-11 -1.859032000000000111e-11 -2.068847999999999991e-11
7.136727999999999503e-07 7.270572999999999998e-07 7.420502999999999806e-07 7.496045000000000073e-07 7.368560000000000437e-07 6.333460999999999779e-07 5.283790000000000491e-07 4.332758999999999761e-07 3.517672999999999791e-07 2.835247999999999819e-07 2.272628000000000040e-07 1.814327999999999966e-07 1.443996999999999930e-07 1.145801000000000031e-07 9.053286000000000246e-08 7.097228000000000506e-08 5.472218999999999960e-08 4.075120999999999953e-08 2.845371000000000141e-08 3.632101999999999789e-08 3.785173000000000035e-08 3.967873999999999734e-08 4.091854999999999949e-08 3.938713000000000231e-08 3.302688999999999988e-08 2.532491000000000121e-08 1.835499000000000136e-08 1.256186000000000029e-08 7.958120999999999717e-09 4.417549999999999908e-09 1.768201999999999970e-09 -1.664926999999999931e-10 -1.547601999999999926e-09 -2.514883999999999936e-09 -3.189942999999999972e-09 -3.677855999999999919e-09 -4.047816999999999651e-09 -4.308541000000000001e-09 7.336967000000000437e-10 7.583414999999999501e-10 7.894938000000000019e-10 8.158422999999999549e-10 8.088791999999999544e-10 7.416556000000000460e-10 6.584766999999999663e-10 5.858687999999999942e-10 5.290286999999999807e-10 4.873047000000000119e-10 4.583238999999999769e-10 4.393629000000000152e-10 4.278538999999999777e-10 4.215656000000000171e-10 4.186183000000000246e-10 4.174556999999999980e-10 4.169402000000000219e-10 4.165422999999999999e-10 4.162728999999999946e-10 1.495151000000000062e-10 1.543799999999999880e-10 1.603197000000000032e-10 1.646880999999999909e-10 1.608425000000000058e-10 1.425818999999999985e-10 1.205534999999999911e-10 1.010511000000000043e-10 8.526556999999999531e-11 7.304632000000000413e-11 6.389811000000000146e-11 5.726626999999999849e-11 5.261981000000000174e-11 4.947971999999999992e-11 4.743694999999999691e-11 4.617960999999999693e-11 4.548217999999999917e-11 4.516977000000000050e-11 4.513679000000000037e-11 1.457993000000000127e-10 1.507978000000000084e-10 1.566864999999999996e-10 1.603747999999999899e-10 1.541956999999999941e-10 1.309900000000000047e-10 1.033032999999999999e-10 7.847983999999999490e-11 5.789874999999999742e-11 4.140947999999999937e-11 2.848821999999999996e-11 1.854672999999999927e-11 1.101205999999999943e-11 5.359521000000000342e-12 1.157299999999999926e-12 -1.911810000000000110e-12 -4.121310000000000339e-12 -5.728426999999999942e-12 -6.897260999999999806e-12 2.194459999999999937e-10 2.266778999999999892e-10 2.350614999999999746e-10 2.400148000000000116e-10 2.302472999999999986e-10 1.950765000000000087e-10 1.531852999999999911e-10 1.154764000000000010e-10 8.403210999999999624e-11 5.865650999999999600e-11 3.859786000000000008e-11 2.301187999999999948e-11 1.107045999999999926e-11 2.017085000000000184e-12 -4.762080000000000243e-12 -9.760174000000000695e-12 -1.344584999999999970e-11 -1.623569999999999957e-11 -1.837918999999999976e-11
5.633849999999999854e-07 5.779329999999999646e-07 5.976716999999999506e-07 6.188118000000000381e-07 6.333460999999999779e-07 6.294941999999999962e-07 5.453097999999999666e-07 4.560666999999999740e-07 3.730497999999999845e-07 3.013678000000000180e-07 2.417283000000000087e-07 1.931020000000000042e-07 1.538868999999999881e-07 1.224221000000000014e-07 9.719204999999999712e-08 7.687949999999999699e-08 6.034671999999999445e-08 4.656843000000000190e-08 3.464993000000000010e-08 2.526874999999999921e-08 2.679496999999999975e-08 2.890465000000000068e-08 3.124715000000000330e-08 3.302688999999999988e-08 3.228828000000000092e-08 2.715392000000000046e-08 2.062356999999999850e-08 1.464129000000000001e-08 9.701757000000000084e-09 5.834924000000000395e-09 2.909644999999999830e-09 7.544436999999999721e-10 -7.959603000000000022e-10 -1.885370999999999982e-09 -2.635154999999999882e-09 -3.149594000000000115e-09 -3.518035999999999948e-09 -3.798246000000000162e-09 6.186960000000000109e-10 6.414744000000000157e-10 6.734891000000000416e-10 7.102877000000000266e-10 7.416556000000000460e-10 7.425612999999999678e-10 6.892148999999999502e-10 6.198281000000000343e-10 5.586076999999999879e-10 5.109061999999999743e-10 4.763212000000000364e-10 4.526535000000000127e-10 4.373864999999999971e-10 4.282170000000000217e-10 4.232002000000000086e-10 4.207310000000000126e-10 4.194968999999999930e-10 4.185550999999999891e-10 4.175005999999999903e-10 1.183774999999999875e-10 1.230929000000000051e-10 1.296040000000000055e-10 1.368574000000000045e-10 1.425818999999999985e-10 1.410567999999999900e-10 1.266923999999999936e-10 1.084462999999999944e-10 9.198162999999999931e-11 7.861442000000000582e-11 6.835594000000000570e-11 6.079172000000000181e-11 5.540845000000000267e-11 5.171551000000000286e-11 4.928164999999999933e-11 4.774707999999999773e-11 4.684289999999999703e-11 4.637864000000000240e-11 4.620871999999999902e-11 1.064941000000000004e-10 1.114561000000000061e-10 1.182069999999999983e-10 1.255721999999999895e-10 1.309900000000000047e-10 1.278078999999999987e-10 1.094304999999999950e-10 8.633388999999999737e-11 6.514769000000000026e-11 4.746892000000000207e-11 3.338685999999999735e-11 2.248280000000000029e-11 1.420564000000000045e-11 8.014356999999999674e-12 3.427139999999999875e-12 5.761129999999999959e-14 -2.370708000000000161e-12 -4.091754999999999865e-12 -5.324785000000000317e-12 1.593212999999999997e-10 1.665959999999999901e-10 1.764790000000000117e-10 1.872575999999999924e-10 1.950765000000000087e-10 1.899969000000000101e-10 1.621391999999999988e-10 1.271297000000000123e-10 9.483265000000000184e-11 6.768253000000000564e-11 4.588036000000000182e-11 2.885246000000000084e-11 1.580525999999999883e-11 5.942249000000000280e-12 -1.445066999999999905e-12 -6.913883000000000136e-12 -1.089809000000000006e-11 -1.380290999999999980e-11 -1.598618999999999895e-11
4.478571999999999957e-07 4.612927000000000236e-07 4.806362999999999666e-07 5.042459999999999745e-07 5.283790000000000491e-07 5.453097999999999666e-07 5.444533999999999802e-07 4.719786000000000253e-07 3.942618999999999949e-07 3.220423000000000223e-07 2.599871999999999949e-07 2.085843000000000131e-07 1.667879999999999977e-07 1.331205999999999963e-07 1.061044000000000035e-07 8.441790999999999971e-08 6.692315999999999454e-08 5.263832999999999725e-08 4.067630000000000273e-08 1.719446999999999925e-08 1.853422999999999960e-08 2.047601000000000072e-08 2.285980999999999987e-08 2.532491000000000121e-08 2.715392000000000046e-08 2.670326000000000111e-08 2.239388000000000001e-08 1.685855000000000110e-08 1.180334000000000073e-08 7.650194999999999968e-09 4.414630999999999993e-09 1.978161999999999936e-09 1.919896000000000026e-10 -1.085397999999999978e-09 -1.976573000000000056e-09 -2.584581999999999999e-09 -2.998233000000000021e-09 -3.293860000000000039e-09 5.410686999999999723e-10 5.600489000000000056e-10 5.876215000000000475e-10 6.217990999999999854e-10 6.584766999999999663e-10 6.892148999999999502e-10 6.930692000000000203e-10 6.493890999999999904e-10 5.911953999999999663e-10 5.396806999999999560e-10 4.995359000000000513e-10 4.704019999999999644e-10 4.503802000000000119e-10 4.373210000000000039e-10 4.292695000000000033e-10 4.245815000000000087e-10 4.219024000000000009e-10 4.201257000000000002e-10 4.184600000000000211e-10 9.601189999999999805e-11 1.000262000000000061e-10 1.057900999999999969e-10 1.129208999999999988e-10 1.205534999999999911e-10 1.266923999999999936e-10 1.263311000000000064e-10 1.145443000000000001e-10 9.915759000000000138e-11 8.523005999999999519e-11 7.396001000000000163e-11 6.535843000000000588e-11 5.905665000000000565e-11 5.460522999999999875e-11 5.157927000000000303e-11 4.960754999999999818e-11 4.838156000000000089e-11 4.767228999999999901e-11 4.731876999999999872e-11 7.733940999999999670e-11 8.156919999999999942e-11 8.766581000000000407e-11 9.525087999999999813e-11 1.033032999999999999e-10 1.094304999999999950e-10 1.077327999999999999e-10 9.242231999999999751e-11 7.271992999999999385e-11 5.459940000000000018e-11 3.952902000000000114e-11 2.758427999999999886e-11 1.838301000000000125e-11 1.143486999999999972e-11 6.265549999999999692e-12 2.456891999999999988e-12 -3.232267999999999975e-13 -2.309639000000000070e-12 -3.701895000000000151e-12 1.144251000000000012e-10 1.207029000000000010e-10 1.298352000000000088e-10 1.412059999999999878e-10 1.531852999999999911e-10 1.621391999999999988e-10 1.592812000000000124e-10 1.359624000000000040e-10 1.059662999999999937e-10 7.822244000000000208e-11 5.498973000000000140e-11 3.643933999999999930e-11 2.203361999999999957e-11 1.105409000000000061e-11 2.795186999999999811e-12 -3.361038999999999811e-12 -7.894297000000000284e-12 -1.117496999999999999e-11 -1.355153999999999983e-11
3.592824999999999880e-07 3.709117000000000033e-07 3.879767000000000042e-07 4.094592000000000247e-07 4.332758999999999761e-07 4.560666999999999740e-07 4.719786000000000253e-07 4.727639000000000185e-07 4.105826000000000227e-07 3.436723999999999772e-07 2.813303000000000214e-07 2.276466999999999972e-07 1.830806999999999938e-07 1.467586000000000023e-07 1.174291999999999965e-07 9.383296000000000433e-08 7.483760999999999961e-08 5.946383999999999760e-08 4.686097999999999879e-08 1.137950999999999931e-08 1.248534999999999970e-08 1.409422999999999921e-08 1.610178000000000020e-08 1.835499000000000136e-08 2.062356999999999850e-08 2.239388000000000001e-08 2.225077000000000132e-08 1.872656000000000156e-08 1.407720000000000015e-08 9.797957999999999306e-09 6.268231999999999784e-09 3.512181999999999980e-09 1.434577000000000101e-09 -8.878750000000000230e-11 -1.177328999999999999e-09 -1.935267999999999856e-09 -2.450664999999999829e-09 -2.799675000000000054e-09 4.908663000000000423e-10 5.055813000000000272e-10 5.269451000000000149e-10 5.540914000000000290e-10 5.858687999999999942e-10 6.198281000000000343e-10 6.493890999999999904e-10 6.560315000000000212e-10 6.205621000000000237e-10 5.714299000000000307e-10 5.273512000000000142e-10 4.926340000000000175e-10 4.671304999999999721e-10 4.493007000000000054e-10 4.373489999999999856e-10 4.296252999999999950e-10 4.247341999999999848e-10 4.215169999999999828e-10 4.190185000000000043e-10 8.017331000000000384e-11 8.331530000000000386e-11 8.796012000000000386e-11 9.398342999999999750e-11 1.010511000000000043e-10 1.084462999999999944e-10 1.145443000000000001e-10 1.150069000000000059e-10 1.053592000000000021e-10 9.238633000000000464e-11 8.055622999999999914e-11 7.095227999999999582e-11 6.361077999999999848e-11 5.822886000000000317e-11 5.442725000000000197e-11 5.184399000000000152e-11 5.016065999999999763e-11 4.911093999999999874e-11 4.849738000000000029e-11 5.575355000000000208e-11 5.910295999999999760e-11 6.416845999999999939e-11 7.078525000000000638e-11 7.847983999999999490e-11 8.633388999999999737e-11 9.242231999999999751e-11 9.170181999999999467e-11 7.896363999999999896e-11 6.221771000000000228e-11 4.673376000000000220e-11 3.382814999999999940e-11 2.359064000000000054e-11 1.570443999999999887e-11 9.753829999999999445e-12 5.333777999999999974e-12 2.085095000000000013e-12 -2.785957999999999931e-13 -1.958944000000000018e-12 8.098191000000000506e-11 8.610960000000000217e-11 9.386393999999999919e-11 1.039114000000000001e-10 1.154764000000000010e-10 1.271297000000000123e-10 1.359624000000000040e-10 1.344915000000000055e-10 1.149726000000000063e-10 8.940042000000000611e-11 6.564886999999999469e-11 4.572925000000000005e-11 2.981540000000000077e-11 1.745669999999999851e-11 8.041609999999999295e-12 9.662536999999999624e-13 -4.300420999999999736e-12 -8.170825000000000578e-12 -1.096328999999999942e-11
2.915031000000000051e-07 3.011220999999999803e-07 3.149804999999999928e-07 3.321571999999999854e-07 3.517672999999999791e-07 3.730497999999999845e-07 3.942618999999999949e-07 4.105826000000000227e-07 4.142613000000000092e-07 3.614053000000000023e-07 3.037202000000000067e-07 2.494952000000000092e-07 2.025239000000000021e-07 1.633509999999999915e-07 1.313011000000000110e-07 1.053307999999999945e-07 8.436789999999999938e-08 6.743575000000000218e-08 5.368876000000000145e-08 7.251632999999999830e-09 8.096121000000000688e-09 9.285640999999999285e-09 1.077339000000000016e-08 1.256186000000000029e-08 1.464129000000000001e-08 1.685855000000000110e-08 1.872656000000000156e-08 1.891826000000000122e-08 1.604678000000000070e-08 1.209468000000000067e-08 8.409446999999999612e-09 5.347712999999999646e-09 2.945502999999999935e-09 1.128358999999999908e-09 -2.073624999999999909e-10 -1.163288000000000005e-09 -1.828779999999999965e-09 -2.280467999999999864e-09 4.600619999999999774e-10 4.702570999999999932e-10 4.850132999999999799e-10 5.044597999999999706e-10 5.290286999999999807e-10 5.586076999999999879e-10 5.911953999999999663e-10 6.205621000000000237e-10 6.295587000000000461e-10 6.002363000000000482e-10 5.576859000000000004e-10 5.188260999999999523e-10 4.877540000000000302e-10 4.645330000000000232e-10 4.479259000000000093e-10 4.364238999999999802e-10 4.286140999999999954e-10 4.232870000000000190e-10 4.194251000000000078e-10 6.904659000000000579e-11 7.135042999999999408e-11 7.485152999999999660e-11 7.950906999999999818e-11 8.526556999999999531e-11 9.198162999999999931e-11 9.915759000000000138e-11 1.053592000000000021e-10 1.066074000000000056e-10 9.871229000000000448e-11 8.764295000000000391e-11 7.742213999999999709e-11 6.906531999999999999e-11 6.264390000000000533e-11 5.791539000000000007e-11 5.456010000000000296e-11 5.226698999999999841e-11 5.075937999999999853e-11 4.980401999999999926e-11 3.974026999999999743e-11 4.234196999999999916e-11 4.632193999999999679e-11 5.155638999999999778e-11 5.789874999999999742e-11 6.514769000000000026e-11 7.271992999999999385e-11 7.896363999999999896e-11 7.926351000000000301e-11 6.873322999999999509e-11 5.440865999999999810e-11 4.102505999999999766e-11 2.980738999999999745e-11 2.087789000000000001e-11 1.398477999999999971e-11 8.778370999999999249e-12 4.910633999999999935e-12 2.069267000000000012e-12 4.774876999999999748e-15 5.613552999999999759e-11 6.027220999999999850e-11 6.645507999999999919e-11 7.445982999999999939e-11 8.403210999999999624e-11 9.483265000000000184e-11 1.059662999999999937e-10 1.149726000000000063e-10 1.150206999999999976e-10 9.883957999999999474e-11 7.695148999999999728e-11 5.641831999999999703e-11 3.910280999999999946e-11 2.522019000000000101e-11 1.441351999999999976e-11 6.168566999999999720e-12 -3.304065999999999838e-14 -4.651955999999999611e-12 -8.045366999999999963e-12
2.395939000000000025e-07 2.467958000000000241e-07 2.566440999999999972e-07 2.687754999999999837e-07 2.835247999999999819e-07 3.013678000000000180e-07 3.220423000000000223e-07 3.436723999999999772e-07 3.614053000000000023e-07 3.678263000000000040e-07 3.225408000000000184e-07 2.722094000000000208e-07 2.244049000000000112e-07 1.827218999999999945e-07 1.477870999999999906e-07 1.190878000000000031e-07 9.574843000000000289e-08 7.685086999999999603e-08 6.155271999999999876e-08 4.328683000000000116e-09 4.859824000000000319e-09 5.604293000000000015e-09 6.609002999999999951e-09 7.958120999999999717e-09 9.701757000000000084e-09 1.180334000000000073e-08 1.407720000000000015e-08 1.604678000000000070e-08 1.648432999999999988e-08 1.410017000000000012e-08 1.067286000000000072e-08 7.434323999999999649e-09 4.723208999999999959e-09 2.584747000000000070e-09 9.606184000000000460e-10 -2.364684000000000186e-10 -1.094551999999999924e-09 -1.692213999999999922e-09 4.419002999999999862e-10 4.475370999999999930e-10 4.563694999999999924e-10 4.693003000000000157e-10 4.873047000000000119e-10 5.109061999999999743e-10 5.396806999999999560e-10 5.714299000000000307e-10 6.002363000000000482e-10 6.103463999999999552e-10 5.851349000000000367e-10 5.471440999999999987e-10 5.118668999999999543e-10 4.832231999999999987e-10 4.614355000000000244e-10 4.454956999999999860e-10 4.341090000000000050e-10 4.260366999999999915e-10 4.202042999999999817e-10 6.123797000000000427e-11 6.282171999999999376e-11 6.525888999999999518e-11 6.862450000000000430e-11 7.304632000000000413e-11 7.861442000000000582e-11 8.523005999999999519e-11 9.238633000000000464e-11 9.871229000000000448e-11 1.005328000000000015e-10 9.394880000000000132e-11 8.431092999999999808e-11 7.529400999999999413e-11 6.786120999999999938e-11 6.211215000000000611e-11 5.785150999999999852e-11 5.480608000000000147e-11 5.270461000000000154e-11 5.130328999999999919e-11 2.783818999999999975e-11 2.981605000000000118e-11 3.270134999999999818e-11 3.652374000000000084e-11 4.140947999999999937e-11 4.746892000000000207e-11 5.459940000000000018e-11 6.221771000000000228e-11 6.873322999999999509e-11 6.986897000000000011e-11 6.106682999999999456e-11 4.862640999999999980e-11 3.686854000000000155e-11 2.695125999999999839e-11 1.902505000000000000e-11 1.288969000000000059e-11 8.247098999999999693e-12 4.794831999999999617e-12 2.258575000000000198e-12 3.772476000000000131e-11 4.092171999999999701e-11 4.544178000000000027e-11 5.129610999999999679e-11 5.865650999999999600e-11 6.768253000000000564e-11 7.822244000000000208e-11 8.940042000000000611e-11 9.883957999999999474e-11 1.001921000000000024e-10 8.666083000000000203e-11 6.765904999999999654e-11 4.962684999999999831e-11 3.432225999999999677e-11 2.199932000000000001e-11 1.237698999999999935e-11 5.018300000000000134e-12 -5.258000000000000416e-13 -4.658595999999999671e-12
1.991311000000000036e-07 2.031863000000000067e-07 2.087837999999999879e-07 2.165014000000000093e-07 2.272628000000000040e-07 2.417283000000000087e-07 2.599871999999999949e-07 2.813303000000000214e-07 3.037202000000000067e-07 3.225408000000000184e-07 3.309105999999999959e-07 2.915287000000000130e-07 2.469814000000000016e-07 2.042559999999999994e-07 1.667711999999999892e-07 1.352087000000000003e-07 1.091854000000000031e-07 8.796624000000000538e-08 7.074956000000000027e-08 2.162596999999999827e-09 2.364695999999999875e-09 2.744297000000000000e-09 3.401307999999999893e-09 4.417549999999999908e-09 5.834924000000000395e-09 7.650194999999999968e-09 9.797957999999999306e-09 1.209468000000000067e-08 1.410017000000000012e-08 1.468665000000000036e-08 1.265657000000000068e-08 9.624725000000000179e-09 6.726636999999999712e-09 4.284111999999999816e-09 2.348668000000000104e-09 8.738121999999999824e-10 -2.159113000000000080e-10 -9.986864000000000845e-10 4.307588999999999796e-10 4.326938000000000036e-10 4.372075999999999927e-10 4.454586999999999788e-10 4.583238999999999769e-10 4.763212000000000364e-10 4.995359000000000513e-10 5.273512000000000142e-10 5.576859000000000004e-10 5.851349000000000367e-10 5.952697999999999910e-10 5.726848000000000116e-10 5.378641000000000059e-10 5.051022000000000221e-10 4.781402000000000277e-10 4.573005000000000174e-10 4.417387999999999966e-10 4.303167999999999817e-10 4.219269999999999845e-10 5.566355999999999834e-11 5.665010999999999841e-11 5.821523000000000619e-11 6.056283999999999360e-11 6.389811000000000146e-11 6.835594000000000570e-11 7.396001000000000163e-11 8.055622999999999914e-11 8.764295000000000391e-11 9.394880000000000132e-11 9.609374999999999451e-11 9.045499999999999938e-11 8.188808999999999706e-11 7.377846999999999834e-11 6.704069999999999887e-11 6.179294999999999753e-11 5.787548999999999899e-11 5.505130000000000070e-11 5.307970000000000050e-11 1.888500000000000122e-11 2.022269000000000094e-11 2.212730000000000084e-11 2.479528000000000014e-11 2.848821999999999996e-11 3.338685999999999735e-11 3.952902000000000114e-11 4.673376000000000220e-11 5.440865999999999810e-11 6.106682999999999456e-11 6.276601999999999673e-11 5.526565000000000292e-11 4.427973999999999970e-11 3.378693999999999820e-11 2.488458999999999908e-11 1.774123000000000073e-11 1.219635999999999954e-11 7.993021999999999341e-12 4.863969000000000153e-12 2.397247999999999925e-11 2.606537999999999894e-11 2.902572000000000004e-11 3.307577999999999742e-11 3.859786000000000008e-11 4.588036000000000182e-11 5.498973000000000140e-11 6.564886999999999469e-11 7.695148999999999728e-11 8.666083000000000203e-11 8.891671000000000231e-11 7.739139000000000472e-11 6.062125000000000405e-11 4.453544999999999922e-11 3.079917999999999802e-11 1.969185999999999966e-11 1.099167999999999947e-11 4.323584000000000331e-12 -7.080945999999999947e-13
1.657514000000000081e-07 1.665361999999999875e-07 1.687629999999999873e-07 1.734643999999999925e-07 1.814327999999999966e-07 1.931020000000000042e-07 2.085843000000000131e-07 2.276466999999999972e-07 2.494952000000000092e-07 2.722094000000000208e-07 2.915287000000000130e-07 3.011116000000000081e-07 2.663297999999999924e-07 2.263721999999999947e-07 1.877189999999999884e-07 1.536263999999999972e-07 1.248166000000000034e-07 1.009985000000000027e-07 8.153733000000000344e-08 3.755860999999999899e-10 3.589076000000000149e-10 5.301962000000000183e-10 9.831269999999999697e-10 1.768201999999999970e-09 2.909644999999999830e-09 4.414630999999999993e-09 6.268231999999999784e-09 8.409446999999999612e-09 1.067286000000000072e-08 1.265657000000000068e-08 1.332115000000000047e-08 1.155066999999999936e-08 8.823585000000000193e-09 6.192807999999999611e-09 3.963684000000000144e-09 2.190655999999999926e-09 8.353426000000000349e-10 -1.693642999999999980e-10 4.226590000000000084e-10 4.227938000000000171e-10 4.249703000000000250e-10 4.302726000000000058e-10 4.393629000000000152e-10 4.526535000000000127e-10 4.704019999999999644e-10 4.926340000000000175e-10 5.188260999999999523e-10 5.471440999999999987e-10 5.726848000000000116e-10 5.821735000000000473e-10 5.612735999999999756e-10 5.287467000000000431e-10 4.978459000000000292e-10 4.721252999999999516e-10 4.519632999999999751e-10 4.366345000000000084e-10 4.251219000000000124e-10 5.149282000000000071e-11 5.203588000000000183e-11 5.304356999999999791e-11 5.472401000000000079e-11 5.726626999999999849e-11 6.079172000000000181e-11 6.535843000000000588e-11 7.095227999999999582e-11 7.742213999999999709e-11 8.431092999999999808e-11 9.045499999999999938e-11 9.273708000000000211e-11 8.778008000000000052e-11 8.002775000000000057e-11 7.261687999999999905e-11 6.641539999999999587e-11 6.155283000000000198e-11 5.789572999999999892e-11 5.523426000000000299e-11 1.191322999999999931e-11 1.259286000000000012e-11 1.379119999999999964e-11 1.570289999999999845e-11 1.854672999999999927e-11 2.248280000000000029e-11 2.758427999999999886e-11 3.382814999999999940e-11 4.102505999999999766e-11 4.862640999999999980e-11 5.526565000000000292e-11 5.730353000000000069e-11 5.078487999999999756e-11 4.093757000000000244e-11 3.144669000000000078e-11 2.335289999999999917e-11 1.683606000000000046e-11 1.176496000000000039e-11 7.913569999999999368e-12 1.331288000000000052e-11 1.424593999999999978e-11 1.598054000000000089e-11 1.880241000000000086e-11 2.301187999999999948e-11 2.885246000000000084e-11 3.643933999999999930e-11 4.572925000000000005e-11 5.641831999999999703e-11 6.765904999999999654e-11 7.739139000000000472e-11 8.020306000000000056e-11 7.019112000000000556e-11 5.516571000000000042e-11 4.061893999999999979e-11 2.813033000000000056e-11 1.799516999999999955e-11 1.003508000000000009e-11 3.922103000000000135e-12
1.358119999999999988e-07 1.346683000000000016e-07 1.351488000000000038e-07 1.382297000000000112e-07 1.443996999999999930e-07 1.538868999999999881e-07 1.667879999999999977e-07 1.830806999999999938e-07 2.025239000000000021e-07 2.244049000000000112e-07 2.469814000000000016e-07 2.663297999999999924e-07 2.765894000000000110e-07 2.454399000000000139e-07 2.091893000000000109e-07 1.738788000000000072e-07 1.426033999999999917e-07 1.160964000000000045e-07 9.413408000000000008e-08 -1.252287000000000103e-09 -1.282263999999999906e-09 -1.157183999999999961e-09 -7.975774000000000504e-10 -1.664926999999999931e-10 7.544436999999999721e-10 1.978161999999999936e-09 3.512181999999999980e-09 5.347712999999999646e-09 7.434323999999999649e-09 9.624725000000000179e-09 1.155066999999999936e-08 1.224873999999999921e-08 1.067456999999999988e-08 8.190522000000000184e-09 5.776741000000000369e-09 3.722185000000000004e-09 2.081742000000000110e-09 8.233126999999999542e-10 4.156644999999999764e-10 4.160621999999999863e-10 4.177063999999999877e-10 4.214336000000000221e-10 4.278538999999999777e-10 4.373864999999999971e-10 4.503802000000000119e-10 4.671304999999999721e-10 4.877540000000000302e-10 5.118668999999999543e-10 5.378641000000000059e-10 5.612735999999999756e-10 5.698029999999999606e-10 5.500372000000000328e-10 5.192648000000000037e-10 4.898211000000000096e-10 4.650763000000000207e-10 4.454401999999999752e-10 4.302801000000000184e-10 4.818998999999999790e-11 4.852124000000000258e-11 4.928547000000000083e-11 5.061368999999999777e-11 5.261981000000000174e-11 5.540845000000000267e-11 5.905665000000000565e-11 6.361077999999999848e-11 6.906531999999999999e-11 7.529400999999999413e-11 8.188808999999999706e-11 8.778008000000000052e-11 9.007915999999999399e-11 8.562299000000000450e-11 7.850585000000000400e-11 7.164825000000000381e-11 6.587310999999999981e-11 6.131508999999999738e-11 5.786102000000000178e-11 6.156419000000000366e-12 6.409307000000000167e-12 7.208844999999999864e-12 8.713584999999999772e-12 1.101205999999999943e-11 1.420564000000000045e-11 1.838301000000000125e-11 2.359064000000000054e-11 2.980738999999999745e-11 3.686854000000000155e-11 4.427973999999999970e-11 5.078487999999999756e-11 5.300706000000000214e-11 4.724103000000000313e-11 3.830327000000000022e-11 2.962466999999999801e-11 2.219163999999999974e-11 1.618848999999999861e-11 1.150598999999999952e-11 4.420533999999999832e-12 4.618539999999999826e-12 5.609224999999999861e-12 7.711342999999999850e-12 1.107045999999999926e-11 1.580525999999999883e-11 2.203361999999999957e-11 2.981540000000000077e-11 3.910280999999999946e-11 4.962684999999999831e-11 6.062125000000000405e-11 7.019112000000000556e-11 7.331392000000000433e-11 6.446000000000000281e-11 5.082580999999999868e-11 3.752522999999999802e-11 2.605576000000000004e-11 1.671884000000000068e-11 9.367935999999999878e-12
