2.024669000000000062e-06 1.665448000000000025e-06 1.377067000000000058e-06 1.131806000000000070e-06 9.292366999999999685e-07 7.641308000000000439e-07 6.303390999999999828e-07 5.221915999999999734e-07 4.348658999999999791e-07 3.644008999999999897e-07 3.075899000000000245e-07 2.618294999999999955e-07 2.248927999999999900e-07 1.946174999999999889e-07 1.687161999999999977e-07 1.450140999999999962e-07 1.220014000000000035e-07 9.923964999999999489e-08 7.732460000000000407e-08 5.735474000000000289e-08 4.024770000000000113e-08 2.637440000000000024e-08 1.560143999999999984e-08 7.518007000000000465e-09 1.335939999999999984e-07 1.113319999999999940e-07 8.836770999999999448e-08 6.871513999999999521e-08 5.272086999999999767e-08 3.999807999999999760e-08 3.000522000000000033e-08 2.222530999999999839e-08 1.621544000000000124e-08 1.161230999999999958e-08 8.121650000000000797e-09 5.497392999999999899e-09 3.512278999999999882e-09 1.938346999999999903e-09 5.672548999999999909e-10 -7.406721999999999644e-10 -2.023379000000000194e-09 -3.225191999999999920e-09 -4.248488999999999762e-09 -5.017566999999999947e-09 -5.510532000000000219e-09 -5.751586000000000367e-09 -5.787951999999999867e-09 -5.671475000000000001e-09 1.885815000000000069e-09 1.610996999999999995e-09 1.331338999999999966e-09 1.097591000000000041e-09 9.129659000000000392e-10 7.713918000000000162e-10 6.650952000000000299e-10 5.868569000000000231e-10 5.305787999999999711e-10 4.912847000000000333e-10 4.648873000000000020e-10 4.478685000000000132e-10 4.370453999999999868e-10 4.296313999999999749e-10 4.235593999999999984e-10 4.177832999999999960e-10 4.122833999999999951e-10 4.076864999999999859e-10 4.046976999999999993e-10 4.036828000000000093e-10 4.045607999999999933e-10 4.069230999999999821e-10 4.102202000000000182e-10 4.139093000000000050e-10 4.334924999999999896e-10 3.675329999999999963e-10 2.998797999999999905e-10 2.425108000000000204e-10 1.962632999999999947e-10 1.598391999999999912e-10 1.315432000000000044e-10 1.097934000000000011e-10 9.324183000000000236e-11 8.075848999999999509e-11 7.139090999999999392e-11 6.436014000000000126e-11 5.905127000000000189e-11 5.497532000000000005e-11 5.174212000000000288e-11 4.905297000000000318e-11 4.672106999999999855e-11 4.469781000000000056e-11 4.305020000000000169e-11 4.188195000000000290e-11 4.125331999999999693e-11 4.114840000000000185e-11 4.149015999999999898e-11 4.217351999999999779e-11 4.870197999999999771e-10 4.089156999999999944e-10 3.284692999999999878e-10 2.597059000000000120e-10 2.036603999999999960e-10 1.588961000000000124e-10 1.235044999999999999e-10 9.569237000000000577e-11 7.391174999999999553e-11 5.684719000000000266e-11 4.342449999999999697e-11 3.282980999999999822e-11 2.445306999999999851e-11 1.779638999999999946e-11 1.238459999999999955e-11 7.756929999999999341e-12 3.570013000000000169e-12 -3.052219000000000224e-13 -3.792462000000000123e-12 -6.721277000000000099e-12 -8.957232000000000541e-12 -1.046672000000000046e-11 -1.130896999999999922e-11 -1.159363999999999986e-11 7.338047999999999681e-10 6.167522000000000449e-10 4.959866000000000127e-10 3.923698999999999791e-10 3.075506000000000236e-10 2.395068999999999766e-10 1.854709000000000093e-10 1.428034000000000117e-10 1.091971000000000013e-10 8.271197999999999710e-11 6.182218999999999711e-11 4.537489999999999884e-11 3.246911000000000199e-11 2.230663000000000145e-11 1.406507000000000037e-11 6.954552999999999801e-12 4.075352000000000041e-13 -5.785392000000000194e-12 -1.150186999999999934e-11 -1.645621999999999953e-11 -2.039773999999999948e-11 -2.322615000000000075e-11 -2.499504000000000050e-11 -2.585491000000000055e-11
1.665448000000000025e-06 1.603153999999999957e-06 1.346321000000000082e-06 1.125909999999999949e-06 9.338459999999999568e-07 7.727368999999999478e-07 6.399956000000000402e-07 5.315841000000000491e-07 4.434526000000000252e-07 3.720062999999999792e-07 3.141902000000000204e-07 2.673780999999999926e-07 2.291483000000000112e-07 1.971494000000000091e-07 1.692951000000000003e-07 1.441023999999999974e-07 1.207377000000000026e-07 9.880539999999999879e-08 7.825192000000000578e-08 5.940687999999999865e-08 4.283044000000000166e-08 2.896279999999999846e-08 1.790111000000000127e-08 9.425023000000000738e-09 1.113319999999999940e-07 1.023425999999999969e-07 8.584400999999999419e-08 6.852766999999999731e-08 5.343569000000000327e-08 4.100641000000000171e-08 3.104549999999999831e-08 2.318957999999999965e-08 1.706561000000000017e-08 1.234030999999999954e-08 8.724830000000000776e-09 5.959030000000000256e-09 3.799645999999999764e-09 2.037234999999999945e-09 5.262828999999999591e-10 -8.131932999999999778e-10 -2.019460999999999878e-09 -3.100672000000000023e-09 -4.031188999999999695e-09 -4.765867000000000082e-09 -5.272759000000000403e-09 -5.552500999999999911e-09 -5.633865000000000169e-09 -5.558759999999999941e-09 1.610996999999999995e-09 1.505245000000000007e-09 1.307241999999999941e-09 1.101713999999999945e-09 9.270446999999999844e-10 7.879182999999999798e-10 6.809932999999999587e-10 6.009629999999999853e-10 5.425555000000000503e-10 5.010799999999999902e-10 4.724331999999999770e-10 4.530083999999999760e-10 4.397607999999999855e-10 4.303746999999999821e-10 4.232985999999999945e-10 4.176131000000000248e-10 4.128978000000000132e-10 4.091524000000000191e-10 4.066392000000000075e-10 4.056194999999999867e-10 4.061402999999999980e-10 4.079845000000000091e-10 4.107521000000000006e-10 4.139802999999999937e-10 3.675329999999999963e-10 3.414588999999999881e-10 2.930695999999999782e-10 2.424587999999999879e-10 1.987272000000000073e-10 1.630618000000000086e-10 1.347871999999999934e-10 1.127559999999999982e-10 9.579551000000000083e-11 8.284434999999999889e-11 7.301052000000000463e-11 6.557495000000000060e-11 5.993564999999999816e-11 5.557311000000000048e-11 5.208709999999999764e-11 4.923306000000000307e-11 4.688361999999999971e-11 4.497019999999999997e-11 4.346730999999999768e-11 4.239068000000000007e-11 4.176899000000000012e-11 4.160433000000000232e-11 4.185398999999999905e-11 4.243996999999999975e-11 4.089156999999999944e-10 3.775930999999999914e-10 3.197195999999999844e-10 2.589487000000000200e-10 2.059584999999999924e-10 1.621884999999999978e-10 1.269118999999999896e-10 9.883187000000000305e-11 7.660307000000000067e-11 5.903692999999999571e-11 4.518377999999999713e-11 3.427848999999999766e-11 2.563894999999999952e-11 1.865052000000000119e-11 1.283846000000000061e-11 7.892683999999999734e-12 3.613651999999999999e-12 -1.285300999999999907e-13 -3.388019000000000167e-12 -6.136793000000000264e-12 -8.304470000000000055e-12 -9.844835999999999997e-12 -1.077344000000000059e-11 -1.116229000000000049e-11 6.167522000000000449e-10 5.694980999999999610e-10 4.823764000000000342e-10 3.908142000000000131e-10 3.107032000000000092e-10 2.442550999999999809e-10 1.904588999999999925e-10 1.474199999999999934e-10 1.131763000000000003e-10 8.603200000000000338e-11 6.461398999999999982e-11 4.775557999999999956e-11 3.440008999999999908e-11 2.362133999999999959e-11 1.468465000000000044e-11 7.047603000000000096e-12 3.393831999999999932e-13 -5.655211000000000267e-12 -1.100181000000000035e-11 -1.563391999999999969e-11 -1.941919000000000018e-11 -2.225576000000000088e-11 -2.413691999999999930e-11 -2.515119000000000039e-11
1.377067000000000058e-06 1.346321000000000082e-06 1.299497999999999954e-06 1.107415999999999995e-06 9.359644000000000507e-07 7.832820000000000122e-07 6.533145000000000364e-07 5.451145999999999994e-07 4.560852000000000082e-07 3.833080999999999990e-07 3.239716999999999813e-07 2.753962000000000239e-07 2.350118000000000027e-07 2.005727000000000024e-07 1.704743999999999903e-07 1.437932000000000067e-07 1.200119000000000107e-07 9.870941000000000562e-08 7.945327000000000350e-08 6.194670999999999897e-08 4.622069999999999777e-08 3.256602000000000166e-08 2.124328000000000029e-08 1.227562999999999972e-08 8.836770999999999448e-08 8.584400999999999419e-08 7.945096000000000168e-08 6.725585999999999857e-08 5.404661999999999880e-08 4.230069000000000316e-08 3.250364999999999870e-08 2.459066999999999900e-08 1.832230999999999977e-08 1.341966999999999942e-08 9.603945000000000174e-09 6.608067000000000193e-09 4.201082000000000362e-09 2.218732999999999973e-09 5.653202999999999591e-10 -8.147426000000000233e-10 -1.967025999999999945e-09 -2.937328000000000013e-09 -3.758653000000000173e-09 -4.433439000000000038e-09 -4.940165999999999875e-09 -5.261133000000000137e-09 -5.400858000000000087e-09 -5.384388000000000039e-09 1.331338999999999966e-09 1.307241999999999941e-09 1.236822000000000095e-09 1.094978999999999968e-09 9.422823999999999141e-10 8.100021000000000436e-10 7.036211000000000364e-10 6.216024999999999739e-10 5.602709999999999774e-10 5.155195999999999700e-10 4.834081000000000029e-10 4.604943999999999851e-10 4.440910000000000229e-10 4.323226999999999944e-10 4.239409999999999942e-10 4.180459000000000050e-10 4.139145000000000082e-10 4.110157000000000182e-10 4.091027999999999761e-10 4.081841999999999748e-10 4.083418999999999938e-10 4.095468000000000110e-10 4.115966000000000074e-10 4.141631999999999807e-10 2.998797999999999905e-10 2.930695999999999782e-10 2.748817000000000104e-10 2.394222999999999953e-10 2.010780000000000009e-10 1.672714999999999946e-10 1.393588000000000027e-10 1.170459999999999906e-10 9.952769000000000199e-11 8.592899000000000583e-11 7.546347999999999623e-11 6.744618000000000211e-11 6.128075000000000058e-11 5.647674000000000033e-11 5.267346999999999730e-11 4.964237000000000065e-11 4.725398000000000178e-11 4.541706999999999845e-11 4.404556000000000160e-11 4.307448000000000085e-11 4.247840999999999812e-11 4.225512999999999789e-11 4.239160000000000124e-11 4.284569999999999867e-11 3.284692999999999878e-10 3.197195999999999844e-10 2.973351000000000189e-10 2.543954999999999825e-10 2.078453000000000122e-10 1.663953999999999960e-10 1.316617999999999930e-10 1.033355999999999952e-10 8.053817000000000396e-11 6.234475999999999617e-11 4.791665999999999871e-11 3.648134999999999702e-11 2.732349000000000074e-11 1.983273000000000005e-11 1.357404000000000059e-11 8.306133000000000389e-12 3.899393999999999894e-12 2.340434000000000244e-13 -2.820979999999999961e-12 -5.362651999999999918e-12 -7.418262999999999245e-12 -8.966064000000000154e-12 -9.989921999999999445e-12 -1.051497000000000078e-11 4.959866000000000127e-10 4.823764000000000342e-10 4.483119999999999921e-10 3.834257000000000132e-10 3.130900000000000014e-10 2.502577999999999937e-10 1.973704999999999907e-10 1.540399999999999923e-10 1.190540000000000006e-10 9.109109999999999422e-11 6.888883000000000384e-11 5.125536000000000264e-11 3.709036999999999840e-11 2.546681000000000062e-11 1.573567000000000014e-11 7.521831999999999609e-12 5.865888000000000420e-13 -5.283494000000000024e-12 -1.028591999999999945e-11 -1.455083000000000011e-11 -1.810432999999999946e-11 -2.089984000000000155e-11 -2.289365000000000151e-11 -2.410294999999999960e-11
1.131806000000000070e-06 1.125909999999999949e-06 1.107415999999999995e-06 1.076376999999999978e-06 9.281955000000000479e-07 7.920458000000000129e-07 6.684610000000000192e-07 5.618886000000000145e-07 4.723319000000000051e-07 3.980431000000000049e-07 3.366206000000000119e-07 2.854654000000000172e-07 2.421885999999999774e-07 2.049928999999999959e-07 1.727477999999999952e-07 1.447621000000000016e-07 1.205108000000000020e-07 9.947016000000000137e-08 8.106169000000000196e-08 6.470155000000000142e-08 4.997907000000000286e-08 3.682424000000000311e-08 2.543376000000000089e-08 1.600750999999999945e-08 6.871513999999999521e-08 6.852766999999999731e-08 6.725585999999999857e-08 6.294337999999999859e-08 5.380030000000000166e-08 4.352697000000000029e-08 3.421302000000000310e-08 2.635086000000000055e-08 1.994561000000000015e-08 1.481715999999999932e-08 1.072166000000000080e-08 7.421154999999999691e-09 4.731584999999999848e-09 2.533079000000000202e-09 7.482423000000000022e-10 -6.836689000000000399e-10 -1.821460000000000036e-09 -2.726770999999999992e-09 -3.459542999999999951e-09 -4.062238000000000009e-09 -4.544989000000000134e-09 -4.892955000000000088e-09 -5.091717999999999643e-09 -5.144874000000000281e-09 1.097591000000000041e-09 1.101713999999999945e-09 1.094978999999999968e-09 1.051776999999999934e-09 9.489078999999999343e-10 8.331665999999999795e-10 7.309224000000000360e-10 6.478077999999999806e-10 5.831819999999999616e-10 5.342083000000000359e-10 4.975952999999999681e-10 4.704302999999999900e-10 4.504822000000000080e-10 4.361395000000000013e-10 4.261960000000000035e-10 4.196481999999999881e-10 4.155799999999999752e-10 4.131621999999999756e-10 4.117570999999999884e-10 4.110332000000000132e-10 4.109372000000000169e-10 4.115209999999999999e-10 4.127679999999999957e-10 4.145241999999999756e-10 2.425108000000000204e-10 2.424587999999999879e-10 2.394222999999999953e-10 2.274410000000000007e-10 2.010727999999999976e-10 1.714324999999999919e-10 1.447584000000000065e-10 1.224093000000000035e-10 1.043240999999999965e-10 8.998185999999999682e-11 7.874266000000000165e-11 6.997392999999999889e-11 6.312561999999999775e-11 5.777065999999999771e-11 5.359619999999999815e-11 5.036818999999999846e-11 4.790879999999999797e-11 4.608369000000000152e-11 4.477716000000000143e-11 4.388208999999999927e-11 4.332003000000000317e-11 4.305633999999999827e-11 4.308370999999999757e-11 4.338986000000000147e-11 2.597059000000000120e-10 2.589487000000000200e-10 2.543954999999999825e-10 2.391158999999999828e-10 2.067238000000000074e-10 1.703007000000000125e-10 1.371533000000000045e-10 1.089207000000000006e-10 8.563112000000000601e-11 6.676173999999999377e-11 5.160163999999999822e-11 3.940599000000000141e-11 2.950649999999999913e-11 2.138297999999999943e-11 1.466764000000000070e-11 9.113503999999999776e-12 4.560873999999999616e-12 8.813182999999999526e-13 -2.071879999999999851e-12 -4.454681999999999698e-12 -6.382456999999999731e-12 -7.898428000000000360e-12 -8.994581999999999771e-12 -9.661461000000000488e-12 3.923698999999999791e-10 3.908142000000000131e-10 3.834257000000000132e-10 3.599621000000000137e-10 3.108537000000000078e-10 2.556744000000000141e-10 2.053052000000000077e-10 1.622767999999999953e-10 1.267098000000000084e-10 9.783679999999999606e-11 7.457805999999999413e-11 5.580293000000000202e-11 4.049675999999999960e-11 2.786302999999999906e-11 1.734558000000000130e-11 8.595048000000000678e-12 1.384287000000000037e-12 -4.502251000000000300e-12 -9.311255000000000395e-12 -1.328259000000000066e-11 -1.658387999999999981e-11 -1.927433000000000033e-11 -2.133423000000000127e-11 -2.273518000000000007e-11
9.292366999999999685e-07 9.338459999999999568e-07 9.359644000000000507e-07 9.281955000000000479e-07 9.096528000000000416e-07 7.923862999999999887e-07 6.820834999999999680e-07 5.802422000000000525e-07 4.913124999999999864e-07 4.155976000000000183e-07 3.515776999999999970e-07 2.972141999999999880e-07 2.507228000000000036e-07 2.108315000000000043e-07 1.766531999999999979e-07 1.474751000000000074e-07 1.226364000000000088e-07 1.014895000000000036e-07 8.339087999999999690e-08 6.769823999999999886e-08 5.381431000000000087e-08 4.132888000000000049e-08 3.015629000000000196e-08 2.046766999999999907e-08 5.272086999999999767e-08 5.343569000000000327e-08 5.404661999999999880e-08 5.380030000000000166e-08 5.099681999999999885e-08 4.401556999999999714e-08 3.585683999999999671e-08 2.831517000000000036e-08 2.184728000000000027e-08 1.646971000000000144e-08 1.204210000000000001e-08 8.405984999999999485e-09 5.435147000000000070e-09 3.033353000000000206e-09 1.118918000000000085e-09 -3.841059999999999969e-10 -1.548242000000000039e-09 -2.442821999999999860e-09 -3.133949000000000010e-09 -3.681109999999999916e-09 -4.124892000000000028e-09 -4.475036000000000262e-09 -4.718166999999999926e-09 -4.840297000000000206e-09 9.129659000000000392e-10 9.270446999999999844e-10 9.422823999999999141e-10 9.489078999999999343e-10 9.247293999999999852e-10 8.487562000000000019e-10 7.588617999999999571e-10 6.775933999999999816e-10 6.102192000000000428e-10 5.566179999999999694e-10 5.149542999999999906e-10 4.831795000000000270e-10 4.594980999999999789e-10 4.423991999999999957e-10 4.305778999999999778e-10 4.228726000000000106e-10 4.182311999999999816e-10 4.156980999999999854e-10 4.144445999999999856e-10 4.138595999999999819e-10 4.136354999999999930e-10 4.137337999999999987e-10 4.142207999999999889e-10 4.151101000000000077e-10 1.962632999999999947e-10 1.987272000000000073e-10 2.010780000000000009e-10 2.010727999999999976e-10 1.935395000000000067e-10 1.735327000000000019e-10 1.500299999999999979e-10 1.283976000000000013e-10 1.099944999999999995e-10 9.492111999999999409e-11 8.280699999999999643e-11 7.316270000000000368e-11 6.553909999999999808e-11 5.957279000000000227e-11 5.497150999999999787e-11 5.148568000000000201e-11 4.889347999999999777e-11 4.700766000000000086e-11 4.568204999999999839e-11 4.479597000000000304e-11 4.424460999999999922e-11 4.395456000000000290e-11 4.389467999999999689e-11 4.406068999999999853e-11 2.036603999999999960e-10 2.059584999999999924e-10 2.078453000000000122e-10 2.067238000000000074e-10 1.965663000000000091e-10 1.715572000000000122e-10 1.422879000000000097e-10 1.151106999999999942e-10 9.168748999999999426e-11 7.217604000000000474e-11 5.614783000000000229e-11 4.301739000000000276e-11 3.225100999999999992e-11 2.343047000000000002e-11 1.623176999999999920e-11 1.038542999999999930e-11 5.664413000000000211e-12 1.891765000000000068e-12 -1.082170000000000023e-12 -3.413222999999999985e-12 -5.255117999999999984e-12 -6.718604999999999724e-12 -7.845631000000000540e-12 -8.628397999999999521e-12 3.075506000000000236e-10 3.107032000000000092e-10 3.130900000000000014e-10 3.108537000000000078e-10 2.950650999999999844e-10 2.570304999999999945e-10 2.126573000000000107e-10 1.714220000000000053e-10 1.358080000000000029e-10 1.060531000000000042e-10 8.152089000000000323e-11 6.133698999999999914e-11 4.469651999999999906e-11 3.096686000000000079e-11 1.966492999999999909e-11 1.040460000000000032e-11 2.877893000000000084e-12 -3.167254000000000148e-12 -7.979904000000000649e-12 -1.182430999999999932e-11 -1.494292000000000112e-11 -1.750122000000000083e-11 -1.955974999999999933e-11 -2.110145999999999963e-11
7.641308000000000439e-07 7.727368999999999478e-07 7.832820000000000122e-07 7.920458000000000129e-07 7.923862999999999887e-07 7.831004000000000392e-07 6.882302000000000001e-07 5.970891999999999651e-07 5.113032000000000465e-07 4.348505000000000199e-07 3.681781999999999874e-07 3.105255999999999890e-07 2.609543999999999905e-07 2.185947999999999954e-07 1.826197999999999926e-07 1.522148999999999980e-07 1.265889999999999962e-07 1.049956000000000008e-07 8.674441000000000403e-08 7.119343000000000569e-08 5.773131000000000213e-08 4.580532000000000163e-08 3.504615999999999967e-08 2.538020000000000051e-08 3.999807999999999760e-08 4.100641000000000171e-08 4.230069000000000316e-08 4.352697000000000029e-08 4.401556999999999714e-08 4.227557999999999930e-08 3.683304000000000250e-08 3.018122999999999794e-08 2.386023000000000044e-08 1.828985999999999871e-08 1.354681999999999934e-08 9.594437000000000087e-09 6.360825000000000314e-09 3.760690999999999664e-09 1.703994999999999966e-09 1.021770000000000029e-10 -1.127313000000000034e-09 -2.058921000000000070e-09 -2.759702000000000114e-09 -3.290847999999999843e-09 -3.705862999999999986e-09 -4.040729000000000058e-09 -4.303058000000000011e-09 -4.479110999999999754e-09 7.713918000000000162e-10 7.879182999999999798e-10 8.100021000000000436e-10 8.331665999999999795e-10 8.487562000000000019e-10 8.372874000000000094e-10 7.795940000000000274e-10 7.071388999999999599e-10 6.395416999999999692e-10 5.820794999999999647e-10 5.355600999999999899e-10 4.991910000000000187e-10 4.716620999999999485e-10 4.515401999999999851e-10 4.374256999999999818e-10 4.280256999999999936e-10 4.221854999999999790e-10 4.188907999999999841e-10 4.172538000000000031e-10 4.165277999999999789e-10 4.161768999999999983e-10 4.159460000000000131e-10 4.158269999999999745e-10 4.159092999999999981e-10 1.598391999999999912e-10 1.630618000000000086e-10 1.672714999999999946e-10 1.714324999999999919e-10 1.735327000000000019e-10 1.690094999999999890e-10 1.533796999999999992e-10 1.341900000000000040e-10 1.161577000000000062e-10 1.005637000000000029e-10 8.759134000000000268e-11 7.703965000000000445e-11 6.860854000000000646e-11 6.199214999999999773e-11 5.690123999999999716e-11 5.306746999999999743e-11 5.024444000000000315e-11 4.821172999999999777e-11 4.678714999999999699e-11 4.583230000000000131e-11 4.523675000000000149e-11 4.490696999999999883e-11 4.477962999999999910e-11 4.483038000000000148e-11 1.588961000000000124e-10 1.621884999999999978e-10 1.663953999999999960e-10 1.703007000000000125e-10 1.715572000000000122e-10 1.648708999999999978e-10 1.450356999999999968e-10 1.209827000000000128e-10 9.824979000000000478e-11 7.833043000000000513e-11 6.143121999999999479e-11 4.731837999999999976e-11 3.565737000000000319e-11 2.611752999999999847e-11 1.838955999999999864e-11 1.218372999999999982e-11 7.231211000000000014e-12 3.299068000000000054e-12 2.074277999999999979e-13 -2.190053999999999828e-12 -4.039101000000000199e-12 -5.479638000000000324e-12 -6.609745000000000125e-12 -7.464427000000000623e-12 2.395068999999999766e-10 2.442550999999999809e-10 2.502577999999999937e-10 2.556744000000000141e-10 2.570304999999999945e-10 2.465382000000000038e-10 2.164298999999999900e-10 1.800534000000000123e-10 1.456084000000000087e-10 1.153190000000000001e-10 8.951153999999999363e-11 6.784761999999999964e-11 4.983436000000000052e-11 3.498833999999999831e-11 2.286181999999999962e-11 1.303596000000000012e-11 5.125683999999999912e-12 -1.193558000000000073e-12 -6.186009000000000041e-12 -1.009912999999999960e-11 -1.318259000000000068e-11 -1.565931999999999915e-11 -1.767729999999999941e-11 -1.928787000000000029e-11
6.303390999999999828e-07 6.399956000000000402e-07 6.533145000000000364e-07 6.684610000000000192e-07 6.820834999999999680e-07 6.882302000000000001e-07 6.855282999999999990e-07 6.068408000000000429e-07 5.291790000000000033e-07 4.541096000000000127e-07 3.857664000000000099e-07 3.254599000000000118e-07 2.732618000000000177e-07 2.286716999999999948e-07 1.909201000000000103e-07 1.591404999999999949e-07 1.324702999999999974e-07 1.101059000000000013e-07 9.132276000000000611e-08 7.547311000000000553e-08 6.196804999999999882e-08 5.025871999999999703e-08 3.985006000000000208e-08 3.041395000000000084e-08 3.000522000000000033e-08 3.104549999999999831e-08 3.250364999999999870e-08 3.421302000000000310e-08 3.585683999999999671e-08 3.683304000000000250e-08 3.579813000000000240e-08 3.137949000000000327e-08 2.570173000000000075e-08 2.016244000000000012e-08 1.521994000000000069e-08 1.101384000000000050e-08 7.542038999999999829e-09 4.739781999999999753e-09 2.518412999999999914e-09 7.851566999999999880e-10 -5.471646000000000194e-10 -1.556421999999999901e-09 -2.310675000000000192e-09 -2.869880999999999925e-09 -3.288422999999999823e-09 -3.613398000000000140e-09 -3.875769000000000247e-09 -4.080946999999999928e-09 6.650952000000000299e-10 6.809932999999999587e-10 7.036211000000000364e-10 7.309224000000000360e-10 7.588617999999999571e-10 7.795940000000000274e-10 7.755994000000000049e-10 7.293269999999999776e-10 6.679774000000000016e-10 6.094696999999999721e-10 5.593035000000000011e-10 5.187524999999999620e-10 4.873291000000000351e-10 4.638586000000000074e-10 4.469695000000000042e-10 4.353200000000000022e-10 4.276965999999999828e-10 4.230432000000000059e-10 4.204514000000000128e-10 4.191389000000000238e-10 4.184541999999999817e-10 4.179389999999999978e-10 4.173899999999999928e-10 4.168278999999999994e-10 1.315432000000000044e-10 1.347871999999999934e-10 1.393588000000000027e-10 1.447584000000000065e-10 1.500299999999999979e-10 1.533796999999999992e-10 1.507896000000000053e-10 1.381972000000000106e-10 1.220620000000000072e-10 1.065722000000000034e-10 9.299091000000000205e-11 8.162733999999999618e-11 7.240755000000000604e-11 6.510793000000000245e-11 5.945561999999999905e-11 5.517477000000000240e-11 5.200763999999999790e-11 4.972186999999999763e-11 4.811402000000000303e-11 4.701918000000000120e-11 4.631402999999999950e-11 4.590191000000000186e-11 4.570204000000000263e-11 4.566083000000000144e-11 1.235044999999999999e-10 1.269118999999999896e-10 1.316617999999999930e-10 1.371533000000000045e-10 1.422879000000000097e-10 1.450356999999999968e-10 1.407573000000000057e-10 1.246867999999999990e-10 1.044036000000000064e-10 8.478291000000000310e-11 6.729595999999999712e-11 5.232505999999999999e-11 3.981828000000000025e-11 2.955081999999999908e-11 2.123561000000000144e-11 1.457534000000000118e-11 9.286288000000000467e-12 5.109803000000000012e-12 1.826918000000000112e-12 -7.283364000000000468e-13 -2.688339000000000062e-12 -4.182314000000000065e-12 -5.333760000000000085e-12 -6.228061000000000194e-12 1.854709000000000093e-10 1.904588999999999925e-10 1.973704999999999907e-10 2.053052000000000077e-10 2.126573000000000107e-10 2.164298999999999900e-10 2.097270000000000090e-10 1.853779000000000129e-10 1.547051999999999964e-10 1.249438000000000065e-10 9.829298999999999797e-11 7.534545000000000062e-11 5.605013999999999971e-11 4.009778000000000042e-11 2.708152000000000031e-11 1.657173000000000092e-11 8.152757999999999742e-12 1.446765000000000046e-12 -3.857807999999999752e-12 -8.008142000000000190e-12 -1.123013999999999964e-11 -1.374706999999999950e-11 -1.575694999999999942e-11 -1.738941999999999882e-11
5.221915999999999734e-07 5.315841000000000491e-07 5.451145999999999994e-07 5.618886000000000145e-07 5.802422000000000525e-07 5.970891999999999651e-07 6.068408000000000429e-07 6.077843999999999800e-07 5.397174000000000098e-07 4.708682000000000156e-07 4.034498999999999842e-07 3.419132999999999757e-07 2.878055000000000158e-07 2.412407999999999985e-07 2.016812000000000021e-07 1.683320000000000015e-07 1.403415000000000130e-07 1.168938999999999956e-07 9.724787000000000324e-08 8.074595000000000446e-08 6.681014000000000562e-08 5.491513000000000080e-08 4.457042000000000293e-08 3.533628000000000280e-08 2.222530999999999839e-08 2.318957999999999965e-08 2.459066999999999900e-08 2.635086000000000055e-08 2.831517000000000036e-08 3.018122999999999794e-08 3.137949000000000327e-08 3.069076999999999947e-08 2.688960999999999934e-08 2.189274999999999928e-08 1.700164000000000003e-08 1.265652999999999951e-08 8.985652000000000105e-09 5.978839000000000099e-09 3.569182999999999999e-09 1.671668999999999969e-09 2.007132999999999897e-10 -9.222735999999999697e-10 -1.766430000000000072e-09 -2.391968000000000151e-09 -2.851611000000000153e-09 -3.192991999999999969e-09 -3.457567999999999862e-09 -3.672194999999999849e-09 5.868569000000000231e-10 6.009629999999999853e-10 6.216024999999999739e-10 6.478077999999999806e-10 6.775933999999999816e-10 7.071388999999999599e-10 7.293269999999999776e-10 7.286717999999999817e-10 6.896115000000000231e-10 6.364076000000000389e-10 5.853983000000000422e-10 5.417292000000000032e-10 5.065894999999999493e-10 4.795041000000000130e-10 4.593704999999999907e-10 4.449302999999999747e-10 4.349749999999999894e-10 4.284262000000000172e-10 4.243551000000000104e-10 4.219667000000000252e-10 4.205797000000000174e-10 4.196290000000000199e-10 4.187232000000000146e-10 4.177000000000000155e-10 1.097934000000000011e-10 1.127559999999999982e-10 1.170459999999999906e-10 1.224093000000000035e-10 1.283976000000000013e-10 1.341900000000000040e-10 1.381972000000000106e-10 1.367979000000000111e-10 1.262734999999999983e-10 1.123217000000000052e-10 9.877856000000000274e-11 8.688012999999999888e-11 7.695880000000000364e-11 6.896034999999999544e-11 6.267643000000000418e-11 5.785148000000000059e-11 5.423088999999999976e-11 5.158033000000000101e-11 4.969116000000000250e-11 4.838197999999999778e-11 4.750708999999999967e-11 4.695876999999999944e-11 4.665311999999999983e-11 4.652016999999999927e-11 9.569237000000000577e-11 9.883187000000000305e-11 1.033355999999999952e-10 1.089207000000000006e-10 1.151106999999999942e-10 1.209827000000000128e-10 1.246867999999999990e-10 1.219737999999999898e-10 1.084411000000000041e-10 9.077352000000000316e-11 7.346427999999999966e-11 5.798641999999999961e-11 4.476838999999999883e-11 3.378507999999999724e-11 2.482504999999999871e-11 1.761451000000000024e-11 1.187435000000000059e-11 7.343260999999999319e-12 3.786052000000000355e-12 1.005694000000000016e-12 -1.144640000000000058e-12 -2.780992000000000193e-12 -4.016878999999999973e-12 -4.961274999999999981e-12 1.428034000000000117e-10 1.474199999999999934e-10 1.540399999999999923e-10 1.622767999999999953e-10 1.714220000000000053e-10 1.800534000000000123e-10 1.853779000000000129e-10 1.810743000000000020e-10 1.605385000000000087e-10 1.337646000000000046e-10 1.074282999999999986e-10 8.374715999999999714e-11 6.340021000000000052e-11 4.638561999999999920e-11 3.241292999999999929e-11 2.108862999999999917e-11 1.200282999999999925e-11 4.767061999999999625e-12 -9.653888999999999599e-13 -5.476430999999999690e-12 -8.985568000000000108e-12 -1.169255000000000070e-11 -1.379526000000000073e-11 -1.546894000000000133e-11
4.348658999999999791e-07 4.434526000000000252e-07 4.560852000000000082e-07 4.723319000000000051e-07 4.913124999999999864e-07 5.113032000000000465e-07 5.291790000000000033e-07 5.397174000000000098e-07 5.416056000000000174e-07 4.809906999999999661e-07 4.194316000000000247e-07 3.591890999999999933e-07 3.043389000000000174e-07 2.562273000000000116e-07 2.148934000000000123e-07 1.798099000000000013e-07 1.502426000000000089e-07 1.254198000000000098e-07 1.046102000000000059e-07 8.715671999999999431e-08 7.247554000000000551e-08 6.005270999999999538e-08 4.942278000000000125e-08 4.014683000000000084e-08 1.621544000000000124e-08 1.706561000000000017e-08 1.832230999999999977e-08 1.994561000000000015e-08 2.184728000000000027e-08 2.386023000000000044e-08 2.570173000000000075e-08 2.688960999999999934e-08 2.637899000000000095e-08 2.308620999999999984e-08 1.872204000000000000e-08 1.445089999999999939e-08 1.066267999999999983e-08 7.468000999999999759e-09 4.855835000000000117e-09 2.766276000000000054e-09 1.124249999999999918e-09 -1.453654999999999981e-10 -1.111699000000000092e-09 -1.835414999999999912e-09 -2.369186000000000136e-09 -2.759436000000000106e-09 -3.048255000000000037e-09 -3.272085999999999985e-09 5.305787999999999711e-10 5.425555000000000503e-10 5.602709999999999774e-10 5.831819999999999616e-10 6.102192000000000428e-10 6.395416999999999692e-10 6.679774000000000016e-10 6.896115000000000231e-10 6.908986999999999605e-10 6.577407999999999917e-10 6.116412999999999690e-10 5.672339000000000175e-10 5.291424000000000359e-10 4.984408999999999636e-10 4.747188999999999498e-10 4.570115000000000198e-10 4.442173999999999905e-10 4.352806000000000054e-10 4.292582000000000201e-10 4.253392999999999852e-10 4.228299999999999761e-10 4.211348000000000024e-10 4.197587999999999857e-10 4.183609999999999990e-10 9.324183000000000236e-11 9.579551000000000083e-11 9.952769000000000199e-11 1.043240999999999965e-10 1.099944999999999995e-10 1.161577000000000062e-10 1.220620000000000072e-10 1.262734999999999983e-10 1.255636999999999942e-10 1.165823999999999892e-10 1.044325000000000036e-10 9.259294000000000430e-11 8.219421000000000303e-11 7.353940999999999431e-11 6.657928999999999509e-11 6.112689000000000107e-11 5.695432999999999972e-11 5.383574000000000139e-11 5.156355000000000156e-11 4.995334000000000170e-11 4.884485999999999711e-11 4.810955000000000113e-11 4.765287000000000069e-11 4.740149999999999911e-11 7.391174999999999553e-11 7.660307000000000067e-11 8.053817000000000396e-11 8.563112000000000601e-11 9.168748999999999426e-11 9.824979000000000478e-11 1.044036000000000064e-10 1.084411000000000041e-10 1.065741999999999948e-10 9.486474000000000519e-11 7.933144000000000311e-11 6.406984000000000279e-11 5.043330999999999849e-11 3.881095999999999803e-11 2.917591999999999994e-11 2.133457000000000044e-11 1.504002999999999847e-11 1.004224000000000064e-11 6.108029000000000004e-12 3.028753000000000110e-12 6.300054000000000289e-13 -1.217260999999999977e-12 -2.614690000000000040e-12 -3.662995000000000388e-12 1.091971000000000013e-10 1.131763000000000003e-10 1.190540000000000006e-10 1.267098000000000084e-10 1.358080000000000029e-10 1.456084000000000087e-10 1.547051999999999964e-10 1.605385000000000087e-10 1.574809000000000109e-10 1.396312000000000079e-10 1.160037999999999965e-10 9.270233000000000128e-11 7.177518000000000598e-11 5.383963999999999736e-11 3.888346999999999890e-11 2.663448000000000063e-11 1.673263999999999887e-11 8.807796000000000611e-12 2.511627000000000159e-12 -2.464117999999999861e-12 -6.368986000000000020e-12 -9.396268999999999329e-12 -1.172198000000000010e-11 -1.352263999999999942e-11
3.644008999999999897e-07 3.720062999999999792e-07 3.833080999999999990e-07 3.980431000000000049e-07 4.155976000000000183e-07 4.348505000000000199e-07 4.541096000000000127e-07 4.708682000000000156e-07 4.809906999999999661e-07 4.837369999999999859e-07 4.300380999999999946e-07 3.754897999999999984e-07 3.220012000000000101e-07 2.732268999999999966e-07 2.303833000000000086e-07 1.935217000000000010e-07 1.621869000000000029e-07 1.357361000000000107e-07 1.134943000000000000e-07 9.481709000000000350e-08 7.912237000000000416e-08 6.589432000000000371e-08 5.467491999999999921e-08 4.504771999999999755e-08 1.161230999999999958e-08 1.234030999999999954e-08 1.341966999999999942e-08 1.481715999999999932e-08 1.646971000000000144e-08 1.828985999999999871e-08 2.016244000000000012e-08 2.189274999999999928e-08 2.308620999999999984e-08 2.279621999999999844e-08 2.000232999999999869e-08 1.621859999999999939e-08 1.249041999999999956e-08 9.171629000000000196e-09 6.366404999999999792e-09 4.069317000000000042e-09 2.230327999999999869e-09 7.846710999999999788e-10 -3.330320999999999836e-10 -1.183134999999999968e-09 -1.819015000000000051e-09 -2.287165000000000135e-09 -2.628458000000000024e-09 -2.880266999999999893e-09 4.912847000000000333e-10 5.010799999999999902e-10 5.155195999999999700e-10 5.342083000000000359e-10 5.566179999999999694e-10 5.820794999999999647e-10 6.094696999999999721e-10 6.364076000000000389e-10 6.577407999999999917e-10 6.610618999999999752e-10 6.331318999999999486e-10 5.930561000000000155e-10 5.540427000000000145e-10 5.203340000000000356e-10 4.929785000000000260e-10 4.716756000000000126e-10 4.556112999999999919e-10 4.438349999999999981e-10 4.354277999999999861e-10 4.295652000000000171e-10 4.255361000000000087e-10 4.227286000000000161e-10 4.206142000000000032e-10 4.187519000000000127e-10 8.075848999999999509e-11 8.284434999999999889e-11 8.592899000000000583e-11 8.998185999999999682e-11 9.492111999999999409e-11 1.005637000000000029e-10 1.065722000000000034e-10 1.123217000000000052e-10 1.165823999999999892e-10 1.164512999999999968e-10 1.088256999999999999e-10 9.825897999999999780e-11 8.789309999999999916e-11 7.875961000000000230e-11 7.114433999999999733e-11 6.501396000000000180e-11 6.020915000000000503e-11 5.653155999999999989e-11 5.378323999999999692e-11 5.178139000000000217e-11 5.036274999999999884e-11 4.938488000000000111e-11 4.873343999999999798e-11 4.832476000000000219e-11 5.684719000000000266e-11 5.903692999999999571e-11 6.234475999999999617e-11 6.676173999999999377e-11 7.217604000000000474e-11 7.833043000000000513e-11 8.478291000000000310e-11 9.077352000000000316e-11 9.486474000000000519e-11 9.368217999999999816e-11 8.359884999999999613e-11 6.999151000000000132e-11 5.655733999999999900e-11 4.452663000000000007e-11 3.426084000000000005e-11 2.574575000000000064e-11 1.881506000000000081e-11 1.325280999999999955e-11 8.839516999999999361e-12 5.369375000000000231e-12 2.657531999999999828e-12 5.491470999999999795e-13 -1.070320999999999999e-12 -2.290545999999999881e-12 8.271197999999999710e-11 8.603200000000000338e-11 9.109109999999999422e-11 9.783679999999999606e-11 1.060531000000000042e-10 1.153190000000000001e-10 1.249438000000000065e-10 1.337646000000000046e-10 1.396312000000000079e-10 1.375465000000000016e-10 1.220942999999999896e-10 1.013382000000000037e-10 8.078862000000000437e-11 6.230239000000000389e-11 4.644613999999999984e-11 3.321879000000000208e-11 2.238454000000000147e-11 1.362722999999999948e-11 6.621334999999999675e-12 1.058996999999999915e-12 -3.333115999999999951e-12 -6.775808000000000041e-12 -9.440368999999999919e-12 -1.148295999999999977e-11
3.075899000000000245e-07 3.141902000000000204e-07 3.239716999999999813e-07 3.366206000000000119e-07 3.515776999999999970e-07 3.681781999999999874e-07 3.857664000000000099e-07 4.034498999999999842e-07 4.194316000000000247e-07 4.300380999999999946e-07 4.344326000000000146e-07 3.871982000000000082e-07 3.389459000000000043e-07 2.913299000000000099e-07 2.477240000000000019e-07 2.092926999999999905e-07 1.761337999999999966e-07 1.478782000000000066e-07 1.239736999999999926e-07 1.038294999999999968e-07 8.687894000000000067e-08 7.260497000000000431e-08 6.054723000000000661e-08 5.029892000000000026e-08 8.121650000000000797e-09 8.724830000000000776e-09 9.603945000000000174e-09 1.072166000000000080e-08 1.204210000000000001e-08 1.354681999999999934e-08 1.521994000000000069e-08 1.700164000000000003e-08 1.872204000000000000e-08 2.000232999999999869e-08 1.994853000000000122e-08 1.759203999999999915e-08 1.429390999999999991e-08 1.100926999999999956e-08 8.067800000000000616e-09 5.571728000000000345e-09 3.521886000000000095e-09 1.877208000000000162e-09 5.822300999999999952e-10 -4.201755999999999837e-10 -1.183191000000000035e-09 -1.753850000000000101e-09 -2.173408000000000029e-09 -2.478723999999999928e-09 4.648873000000000020e-10 4.724331999999999770e-10 4.834081000000000029e-10 4.975952999999999681e-10 5.149542999999999906e-10 5.355600999999999899e-10 5.593035000000000011e-10 5.853983000000000422e-10 6.116412999999999690e-10 6.331318999999999486e-10 6.382542000000000395e-10 6.145278999999999992e-10 5.791747999999999551e-10 5.442940000000000231e-10 5.138595999999999985e-10 4.889281000000000003e-10 4.693046000000000422e-10 4.543081000000000206e-10 4.431169999999999909e-10 4.349272999999999835e-10 4.290108999999999769e-10 4.247349999999999814e-10 4.215518999999999926e-10 4.189830000000000099e-10 7.139090999999999392e-11 7.301052000000000463e-11 7.546347999999999623e-11 7.874266000000000165e-11 8.280699999999999643e-11 8.759134000000000268e-11 9.299091000000000205e-11 9.877856000000000274e-11 1.044325000000000036e-10 1.088256999999999999e-10 1.092574000000000042e-10 1.028031000000000025e-10 9.356164000000000118e-11 8.440386000000000584e-11 7.628913999999999697e-11 6.949718999999999904e-11 6.401315999999999580e-11 5.970390000000000049e-11 5.639768999999999816e-11 5.392053000000000188e-11 5.211033999999999745e-11 5.082144000000000281e-11 4.992607000000000195e-11 4.932131999999999688e-11 4.342449999999999697e-11 4.518377999999999713e-11 4.791665999999999871e-11 5.160163999999999822e-11 5.614783000000000229e-11 6.143121999999999479e-11 6.729595999999999712e-11 7.346427999999999966e-11 7.933144000000000311e-11 8.359884999999999613e-11 8.313173000000000488e-11 7.450847999999999798e-11 6.256493000000000410e-11 5.067436000000000098e-11 3.997710000000000017e-11 3.082220999999999938e-11 2.321302000000000159e-11 1.701138999999999907e-11 1.203043999999999978e-11 8.077466000000000430e-12 4.970052000000000157e-12 2.542828999999999807e-12 6.572701999999999997e-13 -7.887270999999999543e-13 6.182218999999999711e-11 6.461398999999999982e-11 6.888883000000000384e-11 7.457805999999999413e-11 8.152089000000000323e-11 8.951153999999999363e-11 9.829298999999999797e-11 1.074282999999999986e-10 1.160037999999999965e-10 1.220942999999999896e-10 1.210663000000000113e-10 1.078101999999999996e-10 8.957355999999999420e-11 7.137716000000000522e-11 5.493635999999999877e-11 4.079390999999999737e-11 2.897176999999999864e-11 1.927444999999999851e-11 1.142842000000000029e-11 5.147657000000000186e-12 1.595674000000000093e-13 -3.779976000000000331e-12 -6.867768000000000388e-12 -9.255696000000000752e-12
