3.519508214750673924e-06 2.669787202673947476e-06 2.132982748506013507e-06 1.733029979202968342e-06 1.438461567681658762e-06 1.186772329798027337e-06 9.896577942434999766e-07 8.443594583547701325e-07 7.152270477981255969e-07 6.096660295103568066e-07 5.230295661892939763e-07 4.547398422266303521e-07 3.925794055852559833e-07 3.440837651653536365e-07 2.970062924605205173e-07 2.574369873799342827e-07 2.256320778760979628e-07 1.979355581014827439e-07 1.685953696105594243e-07 1.419615243944512045e-07 1.091888401995163090e-07 8.019680047949951734e-08 5.496762630774080044e-08 3.323472343046878161e-08 1.013246800388999705e-06 6.902223965863058352e-07 4.891904296925386072e-07 3.676831836268467588e-07 2.877102746469176694e-07 2.261260075781847642e-07 1.805656220706570621e-07 1.447943395633145548e-07 1.214692564510462252e-07 9.900439403967342598e-08 7.743630101616674812e-08 5.941757028527075557e-08 5.119635367386778873e-08 5.053870148481833989e-08 4.509793498490709746e-08 3.056974706063888738e-08 2.251292764891764948e-08 9.765466589416424176e-09 3.866919132769452155e-09 9.336344348582531083e-10 -3.788122748686770533e-09 -8.456308828276130881e-09 -8.812303101367232374e-09 -9.194601988378143298e-09 8.315922512374250921e-07 5.283983540957113926e-07 3.720263440915470060e-07 2.760451374301946156e-07 2.122756098467908006e-07 1.636186267904301004e-07 1.243418595761538033e-07 9.524096711052713069e-08 7.872400469281134111e-08 6.853997655006778441e-08 5.013466244636552162e-08 4.965350630751741302e-08 4.659173324587667314e-08 4.294484335147772237e-08 3.682198260308067357e-08 2.904678188488583552e-08 1.927557634438480002e-08 1.268430085296590612e-08 1.086168680671178088e-08 1.697611533946686620e-08 1.655661793450066400e-08 2.103613455438474507e-08 1.935460991087262740e-08 1.394436679108330248e-08 6.130041308768701555e-07 3.442720904222767974e-07 2.251173523231456069e-07 1.527796934760067285e-07 9.972034349115371783e-08 6.785629358563614421e-08 4.678165287545827103e-08 2.611252441790360726e-08 1.913323560807758643e-08 1.311150813809251316e-08 1.151127333494389334e-08 1.426368814121939696e-08 1.109701708871356444e-08 4.264902035111519760e-09 3.667756430094421610e-09 9.821599952718252043e-09 7.388964115655329621e-09 7.843236889994718347e-09 3.762056553182944541e-09 5.320827415216637239e-09 7.777652951204240585e-09 6.095015067254355595e-09 1.180945355346840583e-09 7.906201772647177756e-11 7.610176698037239766e-07 4.361757831748675510e-07 2.794257723476149335e-07 1.953771309144926214e-07 1.280621476001375895e-07 8.665924832186757831e-08 5.511395024695259176e-08 3.685310123055014743e-08 2.120059426323617317e-08 9.635952783363013189e-09 9.478659849158606745e-09 -1.363931762038424540e-09 -1.163717948713405547e-08 -2.518040026210619245e-08 -1.504296156563849593e-08 -1.201741802772098813e-08 3.478162742780045799e-09 1.248380216039677119e-09 5.250135874889656336e-09 1.008102945249882631e-08 1.333826350698815994e-10 -1.076814064899548779e-10 -5.055756829311547157e-09 -1.372112757021535056e-08 8.783945298006547010e-07 5.328034259083803041e-07 3.546270388894930101e-07 2.433892489531596999e-07 1.642577117689473337e-07 1.176848073719677683e-07 8.693279387478590748e-08 6.169710181378337924e-08 4.780831290489617055e-08 2.621126552769736776e-08 2.936132340813292699e-08 2.030077835882266102e-08 2.089517363205423663e-08 1.320697968977545261e-08 3.819050973710136182e-09 3.168837216519351794e-09 1.393816749604201117e-08 2.383809102865464220e-08 2.199314699300923956e-08 2.446395343177656833e-08 1.424919044481752262e-08 8.001050214448439297e-09 -3.059206399097668701e-09 1.337512466224256740e-08
2.669787202673947476e-06 2.253633991588723119e-06 1.874371130575712721e-06 1.560602359958665238e-06 1.322769141679711792e-06 1.109605138966843362e-06 9.391877298446509866e-07 8.082320466842489268e-07 6.935056116947972324e-07 5.987008315043554232e-07 5.145188684933836164e-07 4.480606041802955923e-07 3.898943221972999805e-07 3.403830325079841558e-07 2.944289558376945590e-07 2.526633005995737478e-07 2.189904866283900997e-07 1.916520530549150599e-07 1.619825408999474140e-07 1.348107214621359307e-07 1.073673295710535857e-07 8.165521790725846414e-08 5.932170417490523455e-08 3.974400471760514462e-08 6.658460084085180295e-07 4.743155228257206819e-07 3.448082356036801483e-07 2.678691980295340585e-07 2.158707811753873444e-07 1.733769661021450667e-07 1.425131842776075636e-07 1.153239049503962488e-07 9.536569693810700588e-08 7.548701063583600488e-08 5.782411620403658463e-08 4.205971333254795273e-08 3.346413475206527827e-08 3.241855505268079171e-08 2.773258429066814777e-08 1.706870599230376709e-08 1.099930571811285288e-08 1.631381695694024808e-09 -1.535762531794470296e-09 -3.930386708555975229e-09 -8.643599405546106242e-09 -1.240487418139685742e-08 -1.310537311025044403e-08 -1.296749197614125661e-08 5.334877655789575414e-07 3.508201439984586717e-07 2.562363600434120809e-07 1.955098908846810270e-07 1.530387402757932473e-07 1.175410319725351986e-07 9.119258317310227110e-08 7.101190120514670699e-08 5.865492261824593335e-08 5.121127727385997280e-08 3.614799847638214229e-08 3.316170902167187990e-08 2.891151074680780394e-08 2.630149993651516413e-08 2.136448324269730010e-08 1.660676609449071669e-08 1.087245325174233625e-08 6.791178437495656300e-09 5.032898300375990126e-09 8.902700556971799197e-09 8.364713226065490469e-09 1.181205522342146805e-08 1.172956311392939181e-08 6.904332636566697174e-09 3.933139301841518795e-07 2.296783380308621572e-07 1.577753107277618752e-07 1.115597126973733844e-07 7.681805911023719126e-08 5.317508414648902615e-08 3.868498168336902534e-08 2.262286035307137899e-08 1.593143255461720663e-08 9.953521418083187903e-09 9.972310133402922428e-09 1.170612602011783771e-08 8.476772509013920157e-09 3.837102776259111137e-09 4.549655742942985194e-09 8.344895368170091044e-09 5.802454886997114371e-09 5.615200053014808037e-09 1.290048876277646175e-09 1.792166050748018816e-09 3.894876546102487735e-09 2.591655737238454805e-09 -1.158300599753159179e-09 -1.753524879912240670e-09 4.966221173506240070e-07 2.929609505930232273e-07 1.944201354162650278e-07 1.370165303345240466e-07 9.211412896872877932e-08 6.406378565372697718e-08 4.274821689521028480e-08 3.052693735376328635e-08 1.722518649896762097e-08 6.720352229252974086e-09 9.073663262725285411e-09 -4.584753507932792037e-11 -8.969910175509388729e-09 -1.863163765896188203e-08 -1.023460329182291393e-08 -9.641789649558561364e-09 2.290361601427461894e-09 -4.571411499298512995e-10 -2.132091474748657119e-10 5.062637447650317181e-09 -3.399666598820639651e-09 -5.533095234298593670e-09 -9.587888292967879886e-09 -1.459169882516913653e-08 5.966953481076015621e-07 3.842945133198463325e-07 2.654107850211331356e-07 1.880094251255523911e-07 1.311527217991338994e-07 9.395071510776036913e-08 6.708639064670262211e-08 5.177014205977665559e-08 3.931988618135706043e-08 2.258393231250075926e-08 2.694608321345301925e-08 1.867384371166259197e-08 1.913512489960835056e-08 1.266023699300233986e-08 6.070032413428553789e-09 2.478067151113446550e-10 5.806549550511979960e-09 1.502702651698651751e-08 1.222430926269341501e-08 1.261049066179400420e-08 5.545566089540999613e-09 -7.630430756188137456e-10 -9.283725514383366354e-09 5.358471319428677613e-10
2.132982748506013507e-06 1.874371130575712721e-06 1.710713198688786021e-06 1.470743236683036449e-06 1.269043435018070978e-06 1.080514534485825979e-06 9.272994375400964449e-07 8.038513569386234507e-07 6.947678196999915711e-07 6.036957427066004419e-07 5.199810629154346851e-07 4.551886008321480823e-07 3.993465107842613788e-07 3.494865755394331490e-07 3.027658279579977115e-07 2.574756892954542826e-07 2.202951463900102344e-07 1.907362493699783249e-07 1.594888975436043347e-07 1.335385238558096965e-07 1.089163342137104505e-07 8.492377207131288844e-08 6.282689957420286891e-08 4.317480234748063302e-08 4.762141499213208764e-07 3.524406761783101913e-07 2.668772595894822312e-07 2.144451469420029818e-07 1.781505353750739436e-07 1.464268474985145367e-07 1.226230561482374000e-07 1.007027054462598381e-07 8.254137845833650830e-08 6.432998924851130820e-08 4.952173774205058913e-08 3.525392833692025492e-08 2.681015476635662184e-08 2.565392156360813348e-08 2.170442321464432903e-08 1.339289070984232047e-08 7.914196338828802891e-09 6.873289036888320312e-11 -2.368605604148947283e-09 -4.783777846643509042e-09 -9.752243013625532407e-09 -1.404420167840954012e-08 -1.596706068002871454e-08 -1.525832774388699081e-08 3.789091746879786531e-07 2.591393920258703924e-07 1.975969743213799479e-07 1.542732561350889933e-07 1.232153722188441783e-07 9.657296339178074185e-08 7.940364476254148341e-08 6.324278533691053797e-08 5.388748277212006251e-08 4.745883447432325187e-08 3.374511020951177713e-08 2.890565228841063141e-08 2.448887244178848706e-08 2.212733332827404473e-08 1.812206159922374876e-08 1.278095882908177993e-08 8.036264454420746730e-09 3.782937308343037683e-09 1.575861608794775215e-09 4.822011390212113684e-09 4.215594822603029734e-09 6.881281787651891033e-09 7.501386779191240711e-09 2.325912047452268531e-09 2.892057211413504457e-07 1.769669978840355962e-07 1.290460673745943729e-07 9.215271896135384829e-08 6.665551953877707780e-08 4.713787842741270189e-08 3.835997254247052336e-08 2.555267588971149263e-08 1.903433897519030814e-08 1.255590061808283140e-08 1.149848355984352960e-08 1.273552518601935713e-08 8.930652570382886645e-09 5.140395954890078890e-09 4.591215113771741063e-09 5.950435318557530825e-09 2.967598010241495375e-09 3.222984470155457665e-09 1.502302359462637666e-09 3.210417821042190054e-09 4.266780434420445001e-09 2.686255029740022690e-09 -4.118690728166028103e-10 -8.557818375767628596e-10 3.539322274729901580e-07 2.140714094461133403e-07 1.504563152023965229e-07 1.103908518284747609e-07 7.649055186645848883e-08 5.366937352488770797e-08 3.809213270090880234e-08 3.054142912719755770e-08 1.846991769821421088e-08 9.485501352667343547e-09 1.263885782720462292e-08 4.430432957426056634e-09 -3.522836285091137210e-09 -9.640289467272730024e-09 -4.807734506345140858e-09 -6.681955097067794904e-09 2.735441354779124738e-09 -1.309217626971395588e-09 -2.584974941713136648e-09 2.201493101765275568e-09 -4.294531837260814959e-09 -6.522219052510105987e-09 -8.062005150655296268e-09 -1.145262178898718228e-08 4.442732616333831976e-07 2.980301786179945895e-07 2.152871205509756615e-07 1.572053297766010587e-07 1.171421303990980484e-07 8.625031057601683565e-08 6.571678816722533802e-08 5.307892400300435700e-08 4.105717605003005877e-08 2.941226130563498049e-08 3.607555790398541039e-08 2.910700367984498340e-08 2.909336939608187686e-08 2.246292041622852441e-08 1.736965541759653578e-08 8.543315449519027169e-09 1.059924460201975473e-08 1.791234867446639248e-08 1.262486592629905200e-08 1.091514868923275033e-08 2.968825933634124797e-09 -3.843479267691570834e-09 -9.039887191483297782e-09 -2.222821871927482035e-09
1.733029979202968342e-06 1.560602359958665238e-06 1.470743236683036449e-06 1.370227592870130644e-06 1.215225070208913814e-06 1.050355072203709102e-06 9.096040428240295345e-07 7.957057332435671852e-07 6.889568664233939814e-07 6.005700791767651940e-07 5.179865388936866052e-07 4.525772647582514219e-07 3.958258582007115256e-07 3.448663995358737040e-07 2.958820516525495257e-07 2.519896128878881957e-07 2.138489323570224446e-07 1.843546638234949411e-07 1.538905991726018750e-07 1.297954800628502146e-07 1.072470731283096039e-07 8.445134821324386451e-08 6.367973810476147265e-08 4.490097931570427659e-08 3.629964469959322139e-07 2.730309803101742125e-07 2.161645615156172506e-07 1.842920529770246023e-07 1.599085873460526803e-07 1.348890413946098870e-07 1.140018435940968161e-07 9.304359294570687075e-08 7.648402998465744222e-08 5.934950310765473352e-08 4.566470867369848587e-08 3.296967492838985839e-08 2.515139063372236699e-08 2.281212595475419311e-08 1.862557739791346845e-08 1.170153461279948347e-08 7.952309432194822383e-09 1.722923554364697680e-09 3.591694884165011296e-10 -1.789186239518865539e-09 -6.456724208421773254e-09 -1.057443362424253641e-08 -1.346797202957088591e-08 -1.360818210537414477e-08 2.968191449073460329e-07 2.145329831447827301e-07 1.734142630826077300e-07 1.407226678024931411e-07 1.163459944021607412e-07 9.470174212409554171e-08 8.116140692039198101e-08 6.656066427711266033e-08 5.715857943629208360e-08 5.000845238629038014e-08 3.663288724273052749e-08 3.046688966091260952e-08 2.508787618566952565e-08 2.260419172600904166e-08 1.764559788007435445e-08 1.143774819190110644e-08 7.297395576858924525e-09 3.554472803978089919e-09 1.232759047506516671e-09 3.372123968184292479e-09 2.201873002119080488e-09 4.317593563570432795e-09 4.138791767650094196e-09 -6.976171806414738777e-10 2.300991519201915731e-07 1.496535920544960089e-07 1.155582770967862930e-07 8.596896327119108956e-08 6.572035942288240411e-08 4.769885574819279764e-08 4.123200333711826517e-08 3.093590612201721663e-08 2.351245873086579260e-08 1.671549382980177862e-08 1.531190375288895475e-08 1.656939267914058493e-08 1.244798228089170203e-08 7.702778565699261955e-09 6.939155960180899486e-09 7.891930727933594683e-09 3.677180659774172617e-09 3.182841605511235831e-09 1.896487541835053179e-09 3.841143789216973422e-09 4.032256079773255114e-09 2.071797499056744286e-09 -2.036389469759370577e-10 -6.610341140800569443e-10 2.680997115672979167e-07 1.716172424834245184e-07 1.282398058374242812e-07 9.533717856160911443e-08 6.968236692290739828e-08 4.923354078422079052e-08 3.547533901648084303e-08 2.971368511120422207e-08 2.010364604256877123e-08 1.447915525012937354e-08 1.484523361976964139e-08 8.484462122631848636e-09 1.514679498709819961e-09 -3.438292545428881762e-09 -1.921918826686323696e-10 -2.036274474791750477e-09 5.046175025333303440e-09 -3.307396565810173185e-11 -2.090949573347601231e-09 2.914486696260119288e-09 -2.429368611803680218e-09 -5.574191620533393707e-09 -6.737732816367393540e-09 -8.933750994905082757e-09 3.539357059964912116e-07 2.428413348331306396e-07 1.775799596549482578e-07 1.360792284296928695e-07 1.068399050776408485e-07 8.380620430689528504e-08 6.740248395335359689e-08 5.674581945049456159e-08 4.563416550000313172e-08 3.618889166388967608e-08 4.162808727671928320e-08 3.286843989589261797e-08 2.986189336794911576e-08 2.756016942428358858e-08 2.266794952167612601e-08 1.293034163855122759e-08 1.442313338919847275e-08 2.124301536097588383e-08 1.394953069737655877e-08 1.339841022975103171e-08 4.260961820734819257e-09 -2.988450468572374543e-09 -8.090503155258884187e-09 -2.450689660058181896e-09
1.438461567681658762e-06 1.322769141679711792e-06 1.269043435018070978e-06 1.215225070208913814e-06 1.169782184286826709e-06 1.038491952095296835e-06 9.126819766902034325e-07 8.043837607341234963e-07 7.007819218759311565e-07 6.128294547823523405e-07 5.298418263543500840e-07 4.627729140812583487e-07 4.045869558844085579e-07 3.538265898736147475e-07 3.019398822078807429e-07 2.563784356905209629e-07 2.157152604761303882e-07 1.861300176660709972e-07 1.562435388849861355e-07 1.325315217549069652e-07 1.101780780293992173e-07 8.798766983133797981e-08 6.731207529667385383e-08 4.960388775932937487e-08 2.868467995040218066e-07 2.221228245052227077e-07 1.845781945960800235e-07 1.634566762527274421e-07 1.496102432802371008e-07 1.319015906585841113e-07 1.128297573094157131e-07 9.105944725538444562e-08 7.330518143236025372e-08 5.558618413306179336e-08 4.114837957662987874e-08 2.994456839234507460e-08 2.388789317876365740e-08 2.197831527362237784e-08 1.755826649469603656e-08 1.132485629058871058e-08 7.483113750463951313e-09 2.910585262680426616e-09 2.774963698903754534e-09 3.487288663013349165e-10 -4.662384674344326627e-09 -8.617292460944453240e-09 -1.234905329016024065e-08 -1.230170679110203379e-08 2.316352103741173434e-07 1.777519634298329709e-07 1.493597509816531923e-07 1.258215327025687746e-07 1.058717661308031372e-07 8.805248520618224441e-08 7.699288377960133498e-08 6.475433272390684702e-08 5.723692176669354268e-08 5.100575417016137647e-08 3.896857030757094931e-08 3.310301774080222165e-08 2.677318795518718058e-08 2.423137940481675764e-08 1.858027891913323964e-08 1.172380723555166459e-08 8.096423866611151996e-09 4.533180156863011147e-09 1.900800559737576438e-09 3.266043720374264952e-09 1.522771885779379010e-09 3.118633834656619787e-09 1.773734403873450640e-09 -3.253641849519013205e-09 1.818207821823331335e-07 1.245586044027207461e-07 1.002824064276240421e-07 7.842105381254092350e-08 6.298143109508175289e-08 4.666194810191600461e-08 4.257672687833803763e-08 3.440013181993241503e-08 2.782362634310200923e-08 2.163383660049863561e-08 1.939453272427963122e-08 2.088467172384257223e-08 1.731242890686866545e-08 1.260907114104802903e-08 1.112128809183391415e-08 1.065911089660993291e-08 4.879368903939035251e-09 3.179519030174686709e-09 2.281730693971567206e-09 4.157580223960344500e-09 3.748309488164524537e-09 1.912254331110849324e-09 2.731773685036748888e-10 1.038261729150638895e-09 2.054975649281835325e-07 1.381691269036201530e-07 1.081173151361415599e-07 8.430576758877345116e-08 6.572629744092048054e-08 4.714796224397446083e-08 3.500738504663297279e-08 3.207631589107525913e-08 2.489827818413679510e-08 1.979512122825848339e-08 1.943648317709842078e-08 1.307836494347685476e-08 6.000269966105647399e-09 1.200518311745000601e-09 2.722402247985456544e-09 -1.891171467261748181e-11 5.133540686739253208e-09 -1.912054437664067653e-10 -1.293111997089666252e-09 2.996101931883606617e-09 -1.980417426482172494e-09 -4.732116812349245516e-09 -6.754497312228901029e-09 -7.295001592824794481e-09 2.908335374445411385e-07 2.103881208012941768e-07 1.592609711468736468e-07 1.285819063492613925e-07 1.077215792899531138e-07 8.666551813151745758e-08 7.117107558224200732e-08 6.092009073914780449e-08 5.011966214229286588e-08 4.305453170897937180e-08 4.563708217835895342e-08 3.603431730066543752e-08 3.326547005908398718e-08 3.287147639785595777e-08 2.394053726928079062e-08 1.240825666813526252e-08 1.497727183954268725e-08 1.819139208872065598e-08 9.914932305990492986e-09 9.099462940939684408e-09 2.413834882047639234e-09 -3.456052069355313412e-09 -9.674323872874643520e-09 -3.014607934005593865e-09
1.186772329798027337e-06 1.109605138966843362e-06 1.080514534485825979e-06 1.050355072203709102e-06 1.038491952095296835e-06 9.950729912728068393e-07 8.995530939095941935e-07 8.005182907953974632e-07 7.029689422830887618e-07 6.167616186604847053e-07 5.361027389379662972e-07 4.685863009398189622e-07 4.073283186475780444e-07 3.557480102947685511e-07 3.037732534813382457e-07 2.584194488966119197e-07 2.168944565165075056e-07 1.869063692293326962e-07 1.582633262494679158e-07 1.356423770591993798e-07 1.146835159470049744e-07 9.311525822048888980e-08 7.414740389958452722e-08 5.711648051622123948e-08 2.293308435826590787e-07 1.820260997890407373e-07 1.552930033664779869e-07 1.360102324587690381e-07 1.272760101441097032e-07 1.190605075828346706e-07 1.048865894732551709e-07 8.599030444640484773e-08 6.905798988489728721e-08 5.141810338940886624e-08 3.775532413164427278e-08 2.856475485656589182e-08 2.271300470885760829e-08 2.113582174183251133e-08 1.786855968716365210e-08 1.258114027701102489e-08 8.391733694279885047e-09 4.884911228508143925e-09 4.898516981595980415e-09 2.234043093132915327e-09 -8.483171183616957102e-10 -3.396248391578700871e-09 -7.038081382897768062e-09 -7.602017449128787520e-09 1.844682252749343779e-07 1.449815128669176784e-07 1.237315917771624545e-07 1.063059109379555849e-07 9.159289179424061958e-08 7.780762131202899715e-08 6.878723505979168312e-08 5.843716409059617087e-08 5.126030361038957503e-08 4.547836633092852262e-08 3.619317701005347251e-08 3.084751614962481383e-08 2.524610908325817534e-08 2.343951184986025365e-08 1.883102646475881557e-08 1.143651853860602678e-08 7.947741961833944352e-09 4.904491455464703302e-09 2.009465635715872071e-09 2.762985920495516561e-09 1.358991885754907670e-09 2.744448573295607924e-09 1.110669446648683830e-09 -3.452811459677248271e-09 1.452536424590407806e-07 1.045308923611328578e-07 8.739973909576093394e-08 6.978377839876197555e-08 5.808595819965803497e-08 4.429011107131075805e-08 3.970201774200100991e-08 3.322551572296232404e-08 2.891235280363484110e-08 2.347052177821877470e-08 2.131158978503824572e-08 2.192526430080169948e-08 1.751481295126492535e-08 1.174189950527293850e-08 9.986153096885443360e-09 9.329788210247335260e-09 3.792893098119776566e-09 2.134733019824723262e-09 1.270642669199524677e-09 2.957827973117831255e-09 2.599123218402076779e-09 1.632611555991700022e-09 -4.470896105035411041e-10 1.057088706027394135e-09 1.613003792957490909e-07 1.094755615759382023e-07 9.110714390746623249e-08 7.473779933450092365e-08 6.167289444694314018e-08 4.694448214799786626e-08 3.440108459746466691e-08 3.056623557711654420e-08 2.357646083699770112e-08 1.888246746135002731e-08 1.825601576448861342e-08 1.341515819817532939e-08 6.751102765426219488e-09 2.065056359351666402e-09 2.999172955225112370e-09 -6.992925927192659253e-10 3.351838995094594770e-09 -1.741546682789390901e-09 -2.133503565659237082e-09 5.998744700768549799e-10 -2.599325246584697906e-09 -4.736036832322612998e-09 -7.050502899821176060e-09 -8.004408501275063767e-09 2.388995372631216958e-07 1.818180603657676465e-07 1.423539898713334145e-07 1.178038704178552417e-07 1.048832126471928494e-07 8.674728553425855775e-08 7.072044839865867499e-08 5.760665858300241909e-08 4.709456962938379227e-08 4.382811911047584246e-08 4.352121355038239648e-08 3.393408452344014140e-08 2.932157778115315680e-08 3.147693869116178348e-08 2.254496728164123804e-08 8.908377901268277109e-09 1.219958711027641957e-08 1.363876997390215724e-08 8.932345682625762288e-09 7.114214110834494017e-09 3.718206774661095656e-10 -4.242931166677312662e-09 -9.888373934292470339e-09 -3.345300273884011450e-09
9.896577942434999766e-07 9.391877298446509866e-07 9.272994375400964449e-07 9.096040428240295345e-07 9.126819766902034325e-07 8.995530939095941935e-07 8.757672024742315931e-07 8.000483032748155573e-07 7.125379941325661907e-07 6.284606883120594431e-07 5.486319262631226407e-07 4.790497184653370588e-07 4.153746619965032001e-07 3.636688325228057534e-07 3.115353248540697007e-07 2.652901216780377816e-07 2.220936927509763119e-07 1.906628844778810805e-07 1.623443091209557989e-07 1.402231278776031688e-07 1.193908189781685384e-07 9.820144501794428041e-08 8.131136273862183121e-08 6.486534200910344886e-08 1.846048646643305749e-07 1.511102317253922385e-07 1.313747619001718273e-07 1.150318587519673112e-07 1.092704466820820704e-07 1.074832278114041738e-07 9.979064918214777217e-08 8.516624944360489202e-08 6.901499768212129890e-08 5.202291972659993606e-08 3.887719165852055293e-08 2.996007838816445837e-08 2.384770806291344074e-08 2.230225361196903701e-08 1.915114852978710796e-08 1.335948700543056855e-08 8.169800524826372532e-09 3.387097787705154374e-09 3.289522468199544277e-09 6.415255180315449118e-10 -8.734534878351088502e-10 -3.524194250268673761e-09 -7.015180689542045658e-09 -8.140557000848924849e-09 1.445428178133673288e-07 1.158666253195879967e-07 9.999020597840648668e-08 8.737732517455628825e-08 7.764959856829168384e-08 6.623083382684363470e-08 5.940788186233710226e-08 5.120455662355602120e-08 4.558243563248797915e-08 4.062003892787082827e-08 3.300786066606627238e-08 2.872881112128913720e-08 2.410678644040058652e-08 2.378981799465298027e-08 1.967225456472609128e-08 1.252676413045090015e-08 9.037112532135827420e-09 5.751851687807106173e-09 2.338866352922521215e-09 2.175224900081216906e-09 6.488000432706217311e-10 1.403253090709113609e-09 -9.096137501904275042e-10 -5.241151814713697653e-09 1.174557636417435576e-07 8.722079183504600847e-08 7.426499079603875844e-08 6.022596166422911916e-08 5.176536615445708478e-08 4.106842431422411391e-08 3.747489762879648333e-08 3.216747942802228849e-08 2.908429041785261316e-08 2.511982005537307309e-08 2.337667948221752950e-08 2.396647630221774629e-08 1.776557617066804872e-08 1.166609533751395002e-08 9.599037482989739599e-09 8.385317690563990766e-09 3.256206656442956150e-09 2.214193423559549375e-09 3.938591456741955114e-10 1.606055727924283246e-09 5.201980534622316845e-10 -9.127949487101546625e-10 -2.629999524461472406e-09 -1.322264675786572231e-09 1.225033660535691158e-07 8.486187192099061431e-08 7.537672957544380720e-08 6.425308833473103724e-08 5.346702060704597231e-08 3.984081005568643232e-08 2.820427215471811466e-08 2.605421838279607234e-08 1.987808705541052867e-08 1.547308889168569916e-08 1.537863273210364916e-08 1.175492863943453747e-08 6.106383731318014316e-09 2.638399657215934683e-09 4.008470828478857132e-09 3.213861864070254616e-10 4.016789344152165122e-09 1.251549827665645287e-10 -6.004035121306894967e-10 1.749363779132238456e-09 -2.042446598815699529e-10 -2.270777700196098861e-09 -4.635355070398933666e-09 -5.687143076121181712e-09 2.027129266052732994e-07 1.597807011722522170e-07 1.294319983812668771e-07 1.144838134381713922e-07 1.044687427700148464e-07 8.665474744103774666e-08 7.234484623268686006e-08 5.915143169138556082e-08 4.865589274210152079e-08 4.610039328763569845e-08 4.501880684663024134e-08 3.573967777720566934e-08 3.029209017403690806e-08 3.306238345191671562e-08 2.436786343967289543e-08 9.417317237888861796e-09 1.146259609273429044e-08 1.176021062681720378e-08 9.075462046005585602e-09 7.180016336582642284e-09 1.313648633048244728e-09 -2.304723942869358906e-09 -5.673104440146492148e-09 -8.185531931213161777e-10
8.443594583547701325e-07 8.082320466842489268e-07 8.038513569386234507e-07 7.957057332435671852e-07 8.043837607341234963e-07 8.005182907953974632e-07 8.000483032748155573e-07 7.876584568803225706e-07 7.187751966160454996e-07 6.398827454862899675e-07 5.616786471465597813e-07 4.906446158523729244e-07 4.255491853898958340e-07 3.730417845750620732e-07 3.207536899294225168e-07 2.741576057803285819e-07 2.308172368945961805e-07 1.975329394852539951e-07 1.682132219514638046e-07 1.463036003936717600e-07 1.263504132262961867e-07 1.048040912207871870e-07 8.785102781705515653e-08 7.180227899200673827e-08 1.439933075020696603e-07 1.187300479862887407e-07 1.067321178007244980e-07 9.338919761997229587e-08 8.917921497172572894e-08 9.057434438630253579e-08 8.663224118958947066e-08 7.736983421848663375e-08 6.509184128727036750e-08 5.088657076711571912e-08 3.917625966147891813e-08 3.032634837332041589e-08 2.346807763883884989e-08 2.080377930051623978e-08 1.832768260369731384e-08 1.316363145031383771e-08 7.869284464715542802e-09 2.578924832650039182e-09 2.306494058332720546e-09 5.400016972967281812e-10 -6.177008405011220066e-10 -3.033609682756880540e-09 -6.845880631332680668e-09 -7.909802944034155287e-09 1.150181678636856166e-07 9.288507802121308582e-08 8.022960062516729389e-08 7.110105017048469557e-08 6.537898680619083982e-08 5.597055817632139265e-08 5.201076747387921650e-08 4.655976788512463749e-08 4.237792534099208177e-08 3.784280326836396325e-08 3.135567671335330981e-08 2.751775004195251454e-08 2.481045924394754937e-08 2.430219046298956142e-08 1.961161385746796592e-08 1.292599597758679663e-08 9.883955792411781064e-09 7.137928752001009040e-09 3.899969991379379799e-09 3.273136885753539421e-09 1.866659362508448665e-09 2.414019598696296953e-09 -3.295715428517898600e-10 -4.245801685300497676e-09 9.789765496215962373e-08 7.429974016800655659e-08 6.330485752636817137e-08 5.133627609397627977e-08 4.411560100278272621e-08 3.569853781400974874e-08 3.428801669701429430e-08 3.086145030012141404e-08 2.730255678897166481e-08 2.501501658652143072e-08 2.369102702678793860e-08 2.449169632667841045e-08 1.906821898428676400e-08 1.357026658568607695e-08 1.192678958813632812e-08 9.817976523600025116e-09 4.466802371757600740e-09 3.689102529688161087e-09 1.287817544953035506e-09 1.850829560052135966e-09 1.359865405056913937e-10 -1.276978869371696562e-09 -3.112304420073867579e-09 -2.446819431292457484e-09 9.733665369978172736e-08 6.966211925329083003e-08 6.229751611979532475e-08 5.572527589298029184e-08 4.828999315354304412e-08 3.714548066534013852e-08 2.679660646009382970e-08 2.362760586403580161e-08 1.816888523985719016e-08 1.446360508037496083e-08 1.507758258810697289e-08 1.184896238667119411e-08 7.614567937942574781e-09 5.390654985892147759e-09 6.731575383862007150e-09 3.454206487629352564e-09 6.308844980355381769e-09 2.284221377266446983e-09 2.317930334158127544e-10 1.885969809315856735e-09 -6.944806909620347690e-10 -2.551654244857078247e-09 -4.831687798730069736e-09 -5.811525504078304308e-09 1.746567659725602602e-07 1.399601002265145924e-07 1.151651115105622428e-07 1.046130984668543684e-07 9.884198847963169376e-08 8.545569191156384642e-08 7.148098580256477812e-08 5.975632228375889534e-08 4.599871470028702559e-08 4.598387142132088343e-08 4.225543474502972214e-08 3.348727343018092723e-08 2.715490410236884824e-08 3.045652925310587031e-08 2.195114424038641393e-08 8.336701718243770839e-09 9.550232226329952052e-09 1.161724520240112282e-08 9.603674029081066187e-09 6.341642067939221314e-09 1.709727278099226355e-09 -2.232076853906371442e-09 -4.144021824093154128e-09 -1.484813555939546668e-09
7.152270477981255969e-07 6.935056116947972324e-07 6.947678196999915711e-07 6.889568664233939814e-07 7.007819218759311565e-07 7.029689422830887618e-07 7.125379941325661907e-07 7.187751966160454996e-07 7.051480843733607635e-07 6.426970303800928307e-07 5.708475455293037895e-07 5.008559684200016953e-07 4.369557928671321906e-07 3.843772021336104143e-07 3.311515577228936852e-07 2.816903656413437846e-07 2.376256224131394648e-07 2.023165638418899492e-07 1.711566528556168951e-07 1.489276028712271537e-07 1.296339947364926192e-07 1.083220569021612397e-07 9.203202576100748491e-08 7.581254993963651545e-08 1.105208873580585892e-07 9.231393063446825516e-08 8.395007111888569324e-08 7.229438724845968438e-08 6.984914784875238065e-08 7.286660543317472355e-08 7.102500848022010659e-08 6.555946917225475649e-08 5.773400623195966286e-08 4.682023285165215495e-08 3.784380426919878515e-08 2.941525166645300355e-08 2.351458371740238829e-08 2.102716769712754499e-08 1.851842843892140715e-08 1.308744727613316784e-08 7.369405414244901185e-09 2.084646293601173861e-09 1.463165884273593349e-09 -2.761686500086105081e-10 -1.296169632821917859e-09 -3.079971806742447834e-09 -6.177296507408882915e-09 -7.174295200417517811e-09 9.474816582261876983e-08 7.793519081253798418e-08 6.585900790720315679e-08 5.801100162638133378e-08 5.500908671347737212e-08 4.675806580806986024e-08 4.400749843064612681e-08 3.992900289665864925e-08 3.774793682853731552e-08 3.457779515208011146e-08 3.009430967505810154e-08 2.796686328353135942e-08 2.657077395467771305e-08 2.701419991273923202e-08 2.197667335077334418e-08 1.516034319253009748e-08 1.150911726360122743e-08 8.935009444402534114e-09 5.913320468488012101e-09 5.291685470686745856e-09 4.545033872099569727e-09 4.943300648398988493e-09 2.340149977106782307e-09 -1.236058557894571568e-09 7.766942883284573729e-08 5.989878970143853328e-08 5.155042634327603520e-08 4.090975256809889718e-08 3.662001741083715983e-08 3.102920131155721442e-08 3.111572825336991965e-08 2.863630819294522944e-08 2.573675928208771334e-08 2.446044491292009120e-08 2.255421389921375658e-08 2.342209809960292293e-08 1.853404086035536789e-08 1.355544287525761193e-08 1.231668056751623466e-08 1.002770134528231479e-08 4.643455636680772796e-09 4.752887191913986964e-09 2.863207096314845010e-09 3.671626311100381380e-09 1.371397093632931862e-09 -5.985140219290207091e-10 -2.360912158007936473e-09 -2.871843232561552947e-09 6.945549947202036528e-08 5.219035831620442142e-08 4.845772989497986184e-08 4.414447417863953344e-08 3.988067295790339878e-08 3.076084712042881592e-08 2.213552622265736868e-08 1.902994231058784779e-08 1.353905869672387527e-08 1.102654071623912466e-08 1.206773396889278831e-08 1.143967038542836914e-08 6.472941060206685501e-09 5.138621883345695236e-09 6.597817714925416564e-09 3.961115559948147499e-09 7.008525047336329603e-09 3.394591906173318545e-09 1.213272062877282997e-09 2.556840749363660154e-09 2.351751135263803366e-10 -2.298746679862110072e-09 -4.620089039314793960e-09 -5.158876149858098290e-09 1.471579187051127294e-07 1.172543560916437172e-07 9.772577119323309771e-08 9.037941915389473223e-08 9.045322916503681886e-08 8.016297517088666358e-08 7.022462707485728321e-08 5.712179143756096458e-08 4.439492457036045828e-08 4.564650519728614563e-08 3.923989191263054794e-08 3.393941872194382762e-08 2.646352281856720508e-08 2.950478602799550409e-08 2.018336919789507155e-08 8.491235583888282297e-09 8.917293359482493890e-09 1.247208354276872764e-08 1.030082441891217214e-08 6.661292641085775505e-09 3.347788565214968725e-09 -8.942503657429911634e-10 -2.235290101049782435e-09 -2.260890754861108661e-10
6.096660295103568066e-07 5.987008315043554232e-07 6.036957427066004419e-07 6.005700791767651940e-07 6.128294547823523405e-07 6.167616186604847053e-07 6.284606883120594431e-07 6.398827454862899675e-07 6.426970303800928307e-07 6.293816365790717918e-07 5.715203897425214760e-07 5.070671607740363575e-07 4.478898735150541447e-07 3.980774373859854979e-07 3.451591003726426882e-07 2.942595736400870508e-07 2.488890620442251116e-07 2.119241749248490782e-07 1.798388716944283500e-07 1.557096651598497401e-07 1.352714257696998456e-07 1.133166891677064669e-07 9.563054505098593896e-08 7.940000613069982234e-08 9.133836101877389596e-08 7.625476410015740534e-08 6.992274589245864754e-08 5.969780309168065882e-08 5.688593945139350025e-08 5.991452592654413015e-08 5.827214836155531355e-08 5.395484237547498666e-08 4.901741005005761542e-08 4.304436426040867435e-08 3.672408718873299917e-08 2.979881972829305255e-08 2.518388334020180486e-08 2.308274301111649326e-08 2.077245335556488445e-08 1.549626885137521996e-08 8.941657618761827732e-09 4.351219750965327340e-09 3.448079071826013343e-09 1.719144081323957059e-09 5.730811794927822925e-10 -1.092465380594663604e-09 -4.357349779580698740e-09 -5.111927643020830488e-09 8.012879604647631751e-08 6.545430371882963923e-08 5.381965500732734525e-08 4.664487101471200974e-08 4.541121455703789438e-08 3.985392002173328555e-08 3.892892290699057710e-08 3.639934044802474636e-08 3.545885026672700099e-08 3.325607184446945128e-08 2.902229460723079074e-08 2.608938808822138733e-08 2.478864621197382404e-08 2.532149765392546124e-08 2.121288000201286219e-08 1.537376987210730133e-08 1.171626292343202159e-08 9.245580450359558842e-09 6.938255296098596992e-09 6.322476813790883470e-09 5.775164053396845919e-09 5.617304008807384130e-09 3.520815181824400899e-09 -3.825324129092374908e-10 6.747468371183484405e-08 5.170025554307092403e-08 4.464221385146444700e-08 3.422734746809760515e-08 3.105620309323975777e-08 2.706681417314923468e-08 2.876001520093360798e-08 2.608969466027744793e-08 2.293495335766862346e-08 2.254352943271520708e-08 2.073696123329269604e-08 2.114215040080471104e-08 1.621961513592021922e-08 1.173562405653689581e-08 1.063181079940443137e-08 8.151038104212831091e-09 2.846269892278038513e-09 2.689493279692300099e-09 1.737835951472878439e-09 2.122809279424267127e-09 -2.780298816500457757e-10 -2.976552797028260682e-09 -4.266372472489003073e-09 -4.942532592931509945e-09 5.777489608228737094e-08 4.356606695090479842e-08 4.100967445923613418e-08 3.585969765854984327e-08 3.418716828177357090e-08 2.771348089509521023e-08 2.059738883945006050e-08 1.655814006755930823e-08 1.164028198315267605e-08 1.008871675650525117e-08 1.177562167750441052e-08 1.121138819233023571e-08 6.585692723911825988e-09 6.253518585718505556e-09 7.153771894352164617e-09 4.848283176037045754e-09 7.844679061081739857e-09 4.072396227475413417e-09 2.436423131496139600e-09 2.423794018950604018e-09 8.916908864299475249e-11 -2.711118391594905246e-09 -4.298396298868940965e-09 -5.016661873676348584e-09 1.334714791201057597e-07 1.042254541282122019e-07 8.494531821687055653e-08 7.738043872523074371e-08 7.964982813033329043e-08 7.355099273161216688e-08 6.823208821172595697e-08 5.546864100148753541e-08 4.388926625665545199e-08 4.703514319122648232e-08 3.976100552083175750e-08 3.518317233548975251e-08 2.632356399780643082e-08 2.928610116128761066e-08 1.989956866309612049e-08 9.197416836549198789e-09 1.112669070504508042e-08 1.446436094896963547e-08 1.142940288762772427e-08 7.519954152362176314e-09 3.044119101076652652e-09 -1.094252986076993480e-09 -1.851276166453594584e-09 -5.954948605652387926e-10
5.230295661892939763e-07 5.145188684933836164e-07 5.199810629154346851e-07 5.179865388936866052e-07 5.298418263543500840e-07 5.361027389379662972e-07 5.486319262631226407e-07 5.616786471465597813e-07 5.708475455293037895e-07 5.715203897425214760e-07 5.581532977601254616e-07 5.068848284266765290e-07 4.539413147597390046e-07 4.075654679052137448e-07 3.559137786869730044e-07 3.050693811454359236e-07 2.592968807201814623e-07 2.211521638554956829e-07 1.879733402905007764e-07 1.629489222705702957e-07 1.427172246932301195e-07 1.207494922588789207e-07 1.027066597200032457e-07 8.622957494049332031e-08 7.806980135500126532e-08 6.442916051042365425e-08 5.909399621963701800e-08 4.923446220536709302e-08 4.443192369514562862e-08 4.722872728000574726e-08 4.544436541438315595e-08 4.239091264316679827e-08 3.935194691889693303e-08 3.632925445008435900e-08 3.493576781920592090e-08 3.041111676333000909e-08 2.666289147191128112e-08 2.425678227646781852e-08 2.156101098490456312e-08 1.672617366287428897e-08 1.025514939092549068e-08 6.206992909005055397e-09 5.143573207375834732e-09 2.900497741020861154e-09 1.440505612806850165e-09 6.855945001588926013e-10 -2.306248223107308835e-09 -3.329253289388698049e-09 6.711146538861525251e-08 5.431907061650586392e-08 4.283595672946214681e-08 3.600375573503364587e-08 3.591295964708732162e-08 3.143552895784478136e-08 3.232670353389785357e-08 3.106704285527671826e-08 3.044222175445677562e-08 2.959701245733257076e-08 2.690930457238501938e-08 2.466540513207666251e-08 2.348427689362007271e-08 2.423343089355418785e-08 2.155652486037010921e-08 1.706946654472180469e-08 1.344361545568593380e-08 1.141071856387610617e-08 9.823268768441520417e-09 8.887598308868956985e-09 7.813878457925988205e-09 7.140217299176538750e-09 5.568847325402923638e-09 1.977981415243539782e-09 6.013594837779493208e-08 4.561053931128846531e-08 3.897397934267517140e-08 2.887705874326109435e-08 2.643976073955961038e-08 2.440276103677087496e-08 2.727045180111438477e-08 2.413056476682743004e-08 2.130458410566304321e-08 2.127194292982495998e-08 1.893968291444727124e-08 1.973705835358064771e-08 1.568027706194801705e-08 1.142830040152750940e-08 9.914898955405567228e-09 7.157761347036666317e-09 2.340324256244104531e-09 2.267879190205671987e-09 1.650040317098913190e-09 1.722874789948877657e-09 6.016752777320044528e-11 -2.589579410382751900e-09 -3.295085195337706247e-09 -3.979486256396759648e-09 4.909357510697546650e-08 3.691344667521577909e-08 3.562262120633703641e-08 3.024659466410642396e-08 2.856896637523283451e-08 2.438829721895526578e-08 1.812433066298149895e-08 1.410059783631480468e-08 9.807609825247023587e-09 9.433692860142174814e-09 1.024802708361831717e-08 9.120613503382980399e-09 5.496430827604519262e-09 6.161485470265449985e-09 6.335328637179585448e-09 4.148584955323424731e-09 7.426792299338952061e-09 4.377849625267836965e-09 3.372375401596741967e-09 2.205114919755359313e-09 -8.586584249062377589e-11 -1.915724439098818576e-09 -3.691462057523678152e-09 -4.716109635416666063e-09 1.216692407062722440e-07 9.506606651902072247e-08 7.702175085076670105e-08 6.933147342623111742e-08 7.129076732353622643e-08 6.827447679844214715e-08 6.256096257659303015e-08 5.190800555417520567e-08 4.344481823810356657e-08 4.786711409245794524e-08 4.071915137945545490e-08 3.581183067340566086e-08 2.774280913851360148e-08 2.963527890724407879e-08 2.164444340951390137e-08 1.108519175850523525e-08 1.190026087703088628e-08 1.606717607749590203e-08 1.248592330135617301e-08 7.391401253216579824e-09 3.399884652189837714e-09 6.362952639933351430e-11 2.355340078775413387e-10 1.014817826470473129e-09
