6.284984661825448974e-06 4.905718404999832342e-06 3.917490486829396641e-06 3.227880413880873646e-06 2.676211608582864193e-06 2.232561470458334835e-06 1.881258882464098477e-06 1.577009410072741219e-06 1.297155809350263311e-06 1.088031202273152987e-06 9.329633790942540539e-07 8.090994811081343790e-07 6.892732785068722018e-07 6.123772900512567675e-07 5.528708216571420973e-07 4.956391226070824906e-07 4.273792695089831052e-07 3.648531929950697687e-07 3.129093739422566189e-07 2.710337196398788672e-07 1.996929351862426027e-07 1.470672891491570149e-07 8.826705689215802882e-08 4.257140627393105887e-08 1.115880491315503300e-06 7.394506010873968896e-07 4.970518534485166699e-07 3.945690790669416620e-07 3.048827383446245598e-07 2.437486346465876463e-07 1.815582917070892213e-07 1.260659195936107837e-07 1.030140069756595263e-07 8.535403253225019378e-08 7.306822017140699692e-08 5.851693935488150399e-08 5.848231341163956725e-08 6.177751726738340059e-08 4.813696590629853392e-08 4.337406801366770741e-08 3.172326766854391599e-08 2.439908575033625455e-08 1.575143552128458610e-08 1.470300480209846878e-08 1.412256900735958148e-08 8.938446927944610092e-09 8.256888752256701766e-09 1.671464152019556932e-09 8.067928097092814735e-07 5.189259990360187993e-07 3.748926718281995320e-07 2.585455076474259303e-07 1.832179238239750480e-07 1.353452748816228743e-07 9.785958591816348615e-08 7.877644342285324257e-08 6.798078691282909977e-08 6.924862238680437710e-08 6.643416547503779610e-08 3.992245484987929977e-08 2.881652564659563998e-08 2.533906822757578098e-08 1.703425716929407773e-08 1.244604706172464530e-08 1.129478400834129114e-08 6.554552862416776280e-09 -1.056736234223587693e-09 -5.833313737210731366e-09 -3.619012699342319892e-10 -7.065439458590734074e-09 -1.795223117689576532e-08 -1.894090946530540138e-08 6.750121362773645119e-07 4.088022644089128992e-07 2.646295365336831857e-07 1.998187808837804858e-07 1.572535636157949010e-07 1.350082545566963194e-07 1.016749611675360294e-07 6.948333600849116329e-08 5.971606007155821302e-08 4.616657046888299016e-08 5.175280777920487979e-08 4.075900982209204966e-08 4.105284164477819778e-08 3.731655223060532079e-08 3.693087350283462818e-08 2.712319503698206070e-08 3.365371045646973954e-08 3.243760158591149397e-08 3.724237836452686740e-08 4.344610339339252157e-08 4.592867650794999810e-08 4.106329265116751909e-08 1.446950754557276150e-08 1.400175322032997293e-08 7.668785105072436591e-07 4.721829262220502263e-07 3.018322336726224550e-07 2.515859164719622055e-07 2.003612292914748767e-07 1.626377998572435744e-07 1.202342539500638192e-07 5.457818143412252608e-08 2.916344284702054592e-08 3.038648601502617356e-08 2.154945898128394412e-08 2.508583078621516026e-09 -1.801832518148616790e-09 7.124482969162728803e-10 -1.378006870124190949e-08 -2.571060539638328861e-09 -2.711115814785945211e-09 -2.086267188342325014e-08 -2.309389191259858788e-08 -1.405354765310922986e-08 -3.419835976090525978e-09 -5.476996889748478374e-09 -2.461952276269958549e-08 -2.832535197026921326e-08 8.385589963635908219e-07 5.132950498992117225e-07 3.201045310894623355e-07 2.667941253795448792e-07 2.364947307344025538e-07 1.961287903248238488e-07 1.070528528183347215e-07 6.081162861131545979e-08 5.505506424160639364e-08 3.991007539222638052e-08 3.456558418794836536e-08 4.273347856561318204e-08 2.650262743374511135e-09 -1.472927314746882331e-08 -2.583072924914868428e-08 -3.961348999052709730e-08 -6.295109956372817415e-08 -6.343591574505884505e-08 -7.192950548231979104e-08 -4.323422848981379049e-08 -3.474284910734552798e-08 -1.004618552131962307e-08 -3.008456130784950910e-08 -2.808297269506619551e-08
4.905718404999832342e-06 4.308799680953581057e-06 3.590827652648975819e-06 3.019157234594123642e-06 2.546556072726639707e-06 2.158292980720320732e-06 1.850095084689957501e-06 1.574899364044576349e-06 1.315597631885708403e-06 1.119657249453794178e-06 9.657802736104909970e-07 8.445427360242298433e-07 7.237139266277662538e-07 6.386069451962971405e-07 5.731902231548798431e-07 5.095103382597245177e-07 4.367289785928334022e-07 3.699109979117431660e-07 3.124967484894590289e-07 2.669311051370672489e-07 2.004778364668197535e-07 1.473976207868261419e-07 9.180426405749673955e-08 4.747353855835835216e-08 7.211717743730605951e-07 5.052740522637090492e-07 3.484605534396314135e-07 2.769076500252204669e-07 2.132759036761668429e-07 1.722502699655187948e-07 1.299031803872942343e-07 9.260696767653922022e-08 7.517130687468370604e-08 5.875786904056926213e-08 4.321726698770038500e-08 2.844370008720828560e-08 3.127386214930424273e-08 3.617413077587413149e-08 1.984199401463176426e-08 1.188235151415731497e-08 -1.774144408875836149e-09 -4.678871962604006381e-09 -1.155516065251705336e-08 -9.285941112382229366e-09 -7.707720837102096752e-09 -6.924484752151598850e-09 -5.941689253501534686e-09 -7.473485410401664877e-09 4.808894281591895753e-07 3.136248120183371091e-07 2.354340319421329319e-07 1.680845561664864864e-07 1.210512151010642147e-07 8.925577678517126912e-08 6.310376302863574312e-08 5.050622843984165955e-08 4.295497535589892381e-08 4.430746630918931722e-08 4.328928271002491998e-08 2.561811521373052501e-08 2.066646808317890494e-08 2.173126169861354955e-08 1.368019524573363329e-08 7.848656994285781259e-09 9.203491664605294954e-09 8.247545522954832270e-09 -6.196744238533981714e-10 -8.088368531752013748e-09 -4.945563177864090754e-09 -8.613173956433841372e-09 -1.689847501279743637e-08 -1.894094382636074325e-08 4.368987973380575510e-07 2.789819806833700980e-07 1.906323206603119774e-07 1.553207286849813410e-07 1.310172652044138751e-07 1.191556227928786273e-07 8.971568879378714654e-08 6.087007811464190602e-08 5.304797986287446469e-08 3.937719084830745739e-08 4.738592853264097411e-08 4.014202454551898075e-08 3.954318561235181665e-08 3.792876571647706205e-08 3.983286359393584589e-08 3.574470335536035936e-08 3.974071450198863645e-08 3.848309494170045111e-08 3.946151012086275626e-08 3.718462826409296054e-08 3.563084537029430663e-08 3.213093733077923825e-08 1.344214838620788810e-08 1.169989380647474279e-08 5.046238512553294213e-07 3.242817812806588527e-07 2.167457871415635534e-07 1.912480635625303926e-07 1.514950757245539436e-07 1.175962356602539719e-07 8.589372851152006750e-08 4.328732736655696631e-08 2.439468004704081015e-08 2.958717612462597125e-08 2.297939999361742339e-08 8.622355138113605776e-09 3.692052572151101750e-09 3.712884912875041434e-09 -6.536388679401000385e-09 7.180554528079559898e-10 -1.268311299183589628e-09 -1.810258774103104620e-08 -1.954533574470749427e-08 -1.778784693856003609e-08 -1.029502255595351528e-08 -1.082708701778531578e-08 -2.021985325015529698e-08 -2.126025421280499552e-08 5.461494394981082398e-07 3.437813081289007910e-07 2.120772323842502976e-07 1.843038806670463293e-07 1.857306135170311970e-07 1.469959973782871019e-07 7.874762630215670779e-08 3.498488680338799506e-08 4.267414741889752293e-08 2.778683512575462371e-08 2.749532529373109444e-08 3.005147976790743667e-08 -1.571961808054550212e-09 -9.601213942383887326e-09 -1.549213936682921582e-08 -3.347095212166784596e-08 -5.192249353677205288e-08 -4.988556200621030015e-08 -6.233029568249266898e-08 -2.939093215869640023e-08 -3.076826200434679981e-08 -1.531756837663739862e-08 -3.053540260907771273e-08 -2.096026293166217082e-08
3.917490486829396641e-06 3.590827652648975819e-06 3.314338648494862254e-06 2.870674906641342561e-06 2.463295035796276699e-06 2.117394800908472513e-06 1.832331852620511712e-06 1.571204871084372186e-06 1.321275711156417382e-06 1.132249578382204131e-06 9.799915984145205097e-07 8.518565876113373608e-07 7.314681240988210002e-07 6.464201640291990786e-07 5.749119676152958429e-07 5.061816705310529377e-07 4.300975852585296436e-07 3.598443560574932583e-07 3.020543664584826193e-07 2.635415692995067374e-07 2.035363792211097737e-07 1.507776664095819690e-07 9.928436802226517657e-08 5.372948364145683600e-08 4.757278167789277438e-07 3.456185748598556059e-07 2.595759666786174163e-07 2.122659247348217466e-07 1.653522549107284274e-07 1.395869052638612623e-07 1.068869736927559189e-07 7.893449925324860472e-08 6.469496053861627203e-08 5.240721927514962774e-08 3.552152956290834880e-08 1.792577352398894594e-08 1.985369334894556739e-08 2.238781625442721972e-08 6.650592384537932423e-09 9.903112392797147054e-10 -8.488136988568334455e-09 -8.748751032346017232e-09 -1.497439556368817665e-08 -1.294091491717100480e-08 -1.232386321789269199e-08 -9.998808886815643687e-09 -9.756521757809595664e-09 -1.427152369516912532e-08 3.118645618748470370e-07 2.080580532720448040e-07 1.620334473102701929e-07 1.129688622490221275e-07 8.066055188012595136e-08 5.986356358525523336e-08 4.075011719293994258e-08 3.214015420852241683e-08 2.810513590106568773e-08 3.528566891171458258e-08 3.639112904734127644e-08 2.488634769877303502e-08 2.142244137052213833e-08 2.366647021088942509e-08 1.466851515084852583e-08 8.782456199911533359e-09 9.751350134059194673e-09 9.194675939214711995e-09 -8.585457582978300417e-10 -7.283211996658809403e-09 -6.559132307573412760e-09 -9.737416662009654402e-09 -1.609272795006491949e-08 -1.731280424599678553e-08 3.147303556587926105e-07 2.034218901264239337e-07 1.418077729036653469e-07 1.203376944002827871e-07 1.080313625300806292e-07 1.011316042377900224e-07 7.333933124125793476e-08 4.678448621842097149e-08 4.381307094556053349e-08 3.414852883316759893e-08 4.469783373423639266e-08 4.306372006173484271e-08 4.368635466258439459e-08 4.103270403809588831e-08 4.371019055909935666e-08 4.140796071248856939e-08 4.162793474490844738e-08 3.854069273374547544e-08 3.692715017761328511e-08 3.205121137526741035e-08 2.980265138946287404e-08 2.576394738371835061e-08 9.764585413821574544e-09 7.426598069482564470e-09 3.732710234101696813e-07 2.429175692398819310e-07 1.690417738355640513e-07 1.539931197619242442e-07 1.264293081506708351e-07 1.024355239212649775e-07 7.597104019841423724e-08 3.790049549586664402e-08 2.773081194930709470e-08 3.352509265493350504e-08 2.820468654144659705e-08 1.966052418463302937e-08 1.933483298276299247e-08 1.634097632620482829e-08 6.066600141951410802e-09 7.894030185634406359e-09 3.247052861242436646e-09 -1.235804428468237342e-08 -1.620127034013972249e-08 -1.823944402245858029e-08 -1.336385856200709586e-08 -1.364748421444772207e-08 -1.946455787909455746e-08 -2.075753284633164636e-08 4.005642840724267803e-07 2.658418877349260914e-07 1.637400918606444706e-07 1.377476557986169307e-07 1.490190992793982457e-07 1.108325167378917082e-07 5.428493878217316565e-08 2.143930979646433932e-08 3.114370490048188669e-08 9.445106109103256920e-09 1.065443187288425786e-08 1.470138196481382596e-08 -1.055726403521485839e-09 -8.632229864844371962e-09 -1.546241596669326494e-08 -3.414896468693247589e-08 -5.075637930656096317e-08 -4.245145799345299896e-08 -5.216722998209823037e-08 -2.042278294135065849e-08 -2.487821180544847410e-08 -9.743968274357363875e-09 -2.609340054469062072e-08 -1.865788522746450781e-08
3.227880413880873646e-06 3.019157234594123642e-06 2.870674906641342561e-06 2.714511293146040555e-06 2.400213672172714203e-06 2.097161236672105401e-06 1.839496688653365406e-06 1.589323428479587342e-06 1.357184704622589649e-06 1.168656135933436812e-06 1.014237336416682697e-06 8.781353902607452822e-07 7.504191857080323794e-07 6.610985679349275448e-07 5.807299434255213919e-07 5.069839411056348088e-07 4.301700797576510283e-07 3.567719181860842517e-07 3.008960536573229551e-07 2.627236854978490537e-07 2.059274888089196526e-07 1.537523707199686661e-07 1.101052418194575445e-07 6.597014913375662604e-08 3.555662313830646020e-07 2.676614912114300229e-07 2.127247497442414063e-07 1.881875086826268493e-07 1.538524712779909803e-07 1.340744687807785499e-07 1.022135888784439786e-07 7.375009779516719070e-08 5.929122413492926802e-08 4.990685842092669608e-08 3.663311460935856396e-08 1.917520969874503167e-08 2.135370696249668294e-08 2.059084684121322815e-08 6.062082945146806367e-09 6.013710306004679844e-10 -6.513813330516715756e-09 -7.278522105458576500e-09 -1.441718507748149056e-08 -1.375088816362647720e-08 -1.426041791573285036e-08 -1.309018114025473946e-08 -1.384195219981577905e-08 -1.973463071112006767e-08 2.326605242895539399e-07 1.525198873608318059e-07 1.248728816857773569e-07 8.819603156037266990e-08 6.673000586385692170e-08 5.210158033516337753e-08 3.715184730695634415e-08 3.147293387085144273e-08 2.894121896474194044e-08 3.552446154110128863e-08 3.744354683407087669e-08 2.930287170227981718e-08 2.667792995627273465e-08 2.540772475793794847e-08 1.706445793049441217e-08 9.963371016513304771e-09 1.072557977223085659e-08 1.098856634875156102e-08 1.797288247498985674e-09 -5.922783155625412842e-09 -5.140327337497850934e-09 -8.961794292436619529e-09 -1.289372296959669590e-08 -1.357136861058594110e-08 2.323500486463719288e-07 1.558922638813831029e-07 1.142390195140225372e-07 1.002222265613058857e-07 9.333099670081027405e-08 8.804270607900692724e-08 6.370884977853652925e-08 4.055132696686438076e-08 3.907580996996187999e-08 3.159492946238058845e-08 4.250362843637747961e-08 4.374401132271929947e-08 4.434870501299469396e-08 4.420672510941884436e-08 4.756032239550172623e-08 4.534038632041920826e-08 4.499008051329499146e-08 4.083971074324037602e-08 3.591367272099999791e-08 3.083548794918038018e-08 2.723857693055953166e-08 2.311648021604254019e-08 1.081662425121456122e-08 9.507129264794017098e-09 3.005750258074288245e-07 2.074939297686661990e-07 1.584452642305989678e-07 1.460661579074113810e-07 1.277835313971923513e-07 1.111528100247469693e-07 9.068733371220000631e-08 5.231798434320468133e-08 4.314057793985294493e-08 4.584507545392342647e-08 3.426010572879641302e-08 2.834399689425324167e-08 3.063991143623447794e-08 2.957058723060530017e-08 1.674561598858915252e-08 1.645013770104490542e-08 1.036613280734749561e-08 -3.120061108647141827e-09 -5.988284800595293147e-09 -8.315252579946405437e-09 -8.167596661757295800e-09 -7.592934150398689723e-09 -1.511784734870663389e-08 -1.578784150652856228e-08 3.313450498036609949e-07 2.232336581047901012e-07 1.584678692128294303e-07 1.281710733932080103e-07 1.394858798467391793e-07 1.008161138000398180e-07 5.890615544917815532e-08 3.147880430628043398e-08 3.855879461059428981e-08 1.390149461622440693e-08 1.670412332149290499e-08 1.901351811621077559e-08 1.033892442941965111e-08 3.780096279002524591e-09 5.791625823989312159e-10 -2.012060787911988120e-08 -3.692598773765563082e-08 -2.564773757036904530e-08 -4.008090094355772621e-08 -9.448361672261716550e-09 -1.703576119589637464e-08 -7.706605488750736515e-09 -2.473436954438069360e-08 -1.889153680447757095e-08
2.676211608582864193e-06 2.546556072726639707e-06 2.463295035796276699e-06 2.400213672172714203e-06 2.314919165043140679e-06 2.087184942910379060e-06 1.853605487131789248e-06 1.616129517670676136e-06 1.393339591288623942e-06 1.206383540168527168e-06 1.047255496093421423e-06 9.043597733142879256e-07 7.722427983272222977e-07 6.757428293985023000e-07 5.874609063473375582e-07 5.034254377815576910e-07 4.232817125314782134e-07 3.485168564398874272e-07 2.912134186456922456e-07 2.523475038711737051e-07 2.013130788758271333e-07 1.520832727602085828e-07 1.129194325893117503e-07 6.874856021476048662e-08 2.752665892156006600e-07 2.130576261519980450e-07 1.750789982279561487e-07 1.661425118043576610e-07 1.515709288663243655e-07 1.374156758570223013e-07 1.076990519387733290e-07 8.214157026248617696e-08 6.750313936157926094e-08 5.767273958666633098e-08 4.342806078369492317e-08 2.232752196479535822e-08 2.431451073690562674e-08 2.329586479136830632e-08 9.745230229792156657e-09 4.136099381739279944e-09 -3.299711097093262421e-09 -5.130983503291686124e-09 -1.431376673888316497e-08 -1.511851957080020043e-08 -1.552106603464810275e-08 -1.483314420646685917e-08 -1.537717864483393036e-08 -2.310492862046025405e-08 1.815769802918636172e-07 1.170252064711262072e-07 1.010624768060731883e-07 7.629973250809891618e-08 6.050819746114775346e-08 4.881890972336410147e-08 3.424530366572487048e-08 2.947755044527178677e-08 3.036154611352522364e-08 3.771651542636809650e-08 4.075607982438846092e-08 3.546148622098057117e-08 3.188811771903116292e-08 2.855652716331552621e-08 1.943408401182532523e-08 1.145460411316255636e-08 1.122425177175734337e-08 1.154895516010837487e-08 2.724254133815868093e-09 -4.320921901335502322e-09 -5.905992469106952478e-09 -1.126686753119246476e-08 -1.345120927992031440e-08 -1.391843987481092981e-08 1.752936753086265064e-07 1.222795680564175576e-07 9.034995331789840015e-08 8.275144009675688353e-08 8.017843632929595480e-08 7.769031638854991892e-08 6.029215078678922079e-08 3.748437892468857853e-08 3.415165899618602985e-08 2.753573650629068829e-08 3.646132584577990669e-08 3.751645058701581667e-08 3.934078629671677894e-08 4.149803824201683875e-08 4.412643344291504012e-08 4.213552136915500129e-08 3.852961614427414080e-08 3.360994892433276159e-08 2.860146082646902567e-08 2.388169357176026562e-08 1.992274631916791486e-08 1.747312995592583051e-08 7.175860588225034616e-09 8.571060428392680562e-09 2.360506488772474538e-07 1.640893570518490630e-07 1.360426107403793338e-07 1.261520663351394430e-07 1.150848935902126074e-07 9.738483115492451369e-08 8.331750660545225536e-08 4.751205788986853218e-08 4.204422388695457365e-08 3.994081801375174699e-08 3.278502454812431086e-08 2.920931248141482234e-08 3.179280644379416767e-08 3.056358480194218194e-08 2.110243757521316881e-08 1.914469664052951367e-08 1.281377826046315588e-08 2.683504669328045214e-09 1.059736262556302773e-10 -3.778995500744874272e-10 -1.776484084495059745e-09 1.139762702263010474e-09 -5.892015792358455863e-09 -5.234422866738323829e-09 2.927859839879167642e-07 2.038481698651259855e-07 1.601815521963937878e-07 1.211095703476890576e-07 1.337539254468827117e-07 1.000963602645458933e-07 6.351357137135949451e-08 3.949354618319366898e-08 3.889044082001538959e-08 1.645132628080281815e-08 1.801785228281227264e-08 1.356703304882597571e-08 7.841188209245901598e-09 3.021675509652789602e-09 1.069581016337832969e-08 -1.502972283889606783e-08 -3.282455843880987435e-08 -2.329654377843361829e-08 -3.049452960888603574e-08 -2.821803911336812028e-10 -1.860103408370707134e-08 -9.426595218413881489e-09 -2.391307718833434320e-08 -2.067002784360005950e-08
2.232561470458334835e-06 2.158292980720320732e-06 2.117394800908472513e-06 2.097161236672105401e-06 2.087184942910379060e-06 2.050029708619577966e-06 1.867992616408066222e-06 1.651286068875787429e-06 1.439972248049113192e-06 1.256614423849235317e-06 1.094907040454160443e-06 9.463063291780629808e-07 8.073253102883867640e-07 7.030684146664199787e-07 6.059446105543853192e-07 5.131634074221910206e-07 4.272488337955014938e-07 3.512114248609520910e-07 2.939425120765324480e-07 2.541184463021263582e-07 2.052204806642477121e-07 1.589115883496130093e-07 1.237499980953954171e-07 8.445550020068894369e-08 2.138791143348415694e-07 1.691994988850350922e-07 1.415246073822430153e-07 1.391719518904288585e-07 1.345233177326498875e-07 1.339400533198820990e-07 1.108954703020545817e-07 8.927378080944002882e-08 7.490099744265140371e-08 6.627826065054504337e-08 4.961071908585285717e-08 2.761240394191789443e-08 2.535144583780701748e-08 2.011862888144804171e-08 5.688061464376660382e-09 -8.829240178000804941e-10 -7.776920186422816373e-09 -1.329696407243474874e-08 -2.360466482012188404e-08 -2.491334685577614765e-08 -2.373991706421976448e-08 -2.102525342471032943e-08 -1.996422108825100977e-08 -2.704884271911858317e-08 1.519926314103326851e-07 1.021083079839859380e-07 9.199788308580468910e-08 7.358774661421625575e-08 6.106741840722144675e-08 5.210188578568980082e-08 4.008333999817174375e-08 3.752978768797671081e-08 4.062957920861748033e-08 4.661059189489039308e-08 4.938696012594485043e-08 4.610333994815243351e-08 3.949719481763562512e-08 3.298089629846446925e-08 2.198446925872548000e-08 1.123987351890603622e-08 8.037572757549335862e-09 6.709405135355573756e-09 -4.779310152315548772e-09 -1.220340719180231348e-08 -1.454145536485499222e-08 -1.964265647898940461e-08 -1.942249318929036542e-08 -1.983679114351109862e-08 1.325900380202482468e-07 9.854728064583604548e-08 8.015830109559471122e-08 7.620344507954429207e-08 7.757187378744387891e-08 7.606532861295025568e-08 6.044558380536687397e-08 4.042578586190674831e-08 3.765804425681486362e-08 3.202201980103812176e-08 3.995811599780994680e-08 4.269746822787316973e-08 4.397934951511117053e-08 4.330256003168298225e-08 4.392777636143913895e-08 4.226261925489671191e-08 3.849178229781570710e-08 3.360598163467277494e-08 2.762279464795079583e-08 2.237282291458117524e-08 1.701979206529849062e-08 1.415243424658794141e-08 5.367029509726026525e-09 4.481941716481683366e-09 1.845901847188206335e-07 1.308757345356007979e-07 1.175007292219554124e-07 1.111971650717394184e-07 1.028341535898362950e-07 7.995151788590350931e-08 6.940210197772329928e-08 3.685971788088138931e-08 3.041669860000877493e-08 2.998316040065273423e-08 2.398345315809261741e-08 2.415086919297942068e-08 2.795634006528684931e-08 2.577160631397997041e-08 1.741365530800959046e-08 2.220243898204795745e-08 1.677169511085684148e-08 9.050307696567387854e-09 9.331782378090861420e-09 8.089186273637678109e-09 6.096602699386250857e-09 9.500583561733726332e-09 -7.384315376761992951e-11 1.873459919716023433e-09 2.422647632757529190e-07 1.812046750483267759e-07 1.546140504059763602e-07 1.202586755443070817e-07 1.273922901747769371e-07 9.492215021612164373e-08 6.593410314433378199e-08 4.080848882176707336e-08 4.062986014038852668e-08 1.403123490375131749e-08 1.783204432342773987e-08 4.546001085114603798e-09 -2.435397150118530440e-09 -1.084639872155366872e-09 7.534004476335148109e-09 -1.931526221868918520e-08 -3.267913936474664666e-08 -2.339532862114364726e-08 -2.427031142634375858e-08 5.079823292296264046e-09 -1.874556971706908508e-08 -5.302622202997178846e-09 -1.380582997531880003e-08 -1.435576189662956476e-08
1.881258882464098477e-06 1.850095084689957501e-06 1.832331852620511712e-06 1.839496688653365406e-06 1.853605487131789248e-06 1.867992616408066222e-06 1.848513132954416137e-06 1.678179297433868329e-06 1.484744876870396973e-06 1.307681428696283912e-06 1.145932258282564504e-06 9.928248135181702429e-07 8.476328913971099359e-07 7.349620349241908506e-07 6.326139514200759155e-07 5.347376310643471526e-07 4.435221449581349624e-07 3.636781362225166665e-07 3.033396097844250094e-07 2.615093172820014361e-07 2.148281178760408584e-07 1.696879121837378597e-07 1.363082898326406348e-07 9.757964652963921055e-08 1.595019899260162360e-07 1.301132690855046060e-07 1.089541243738553262e-07 1.147827393062104001e-07 1.172882396116029499e-07 1.234977297347783787e-07 1.152079361990920911e-07 1.001198848524665994e-07 8.744988043904324303e-08 7.944589714570151786e-08 6.526865920860748021e-08 4.425733866673587560e-08 4.033181360920368158e-08 3.249348855200849503e-08 1.590750335629285153e-08 7.642690320336101247e-09 5.560849358655676538e-10 -7.676134651069707772e-09 -1.784201555382812178e-08 -2.041166555409762396e-08 -1.743992924414642738e-08 -1.473499777700579367e-08 -1.352873280670439062e-08 -2.085719310786688444e-08 1.153308668621263258e-07 7.725719715845948416e-08 7.283180689936360655e-08 5.880087198117665529e-08 5.130906636993982745e-08 4.431955704669333001e-08 3.506384148283558832e-08 3.299637910674334828e-08 3.447479544153787399e-08 3.860654480802588536e-08 4.292250775653651457e-08 4.199005658120326254e-08 3.755184986880863490e-08 3.159089454076589836e-08 2.169892213018525118e-08 1.130595405735454707e-08 6.385714928189716580e-09 2.873909842374484985e-09 -9.282391671828953855e-09 -1.538955438897139717e-08 -1.690979731949817612e-08 -2.010472663962772761e-08 -1.815617280388853577e-08 -2.000363020659829358e-08 1.143340321332641901e-07 8.963041408445251558e-08 7.601911917523193499e-08 7.313857798686082010e-08 7.898888769345219613e-08 8.153307561846246996e-08 6.608050830713194629e-08 4.496238847125108863e-08 4.165466532814884271e-08 3.563026561739925521e-08 4.230305977217349949e-08 4.619142512148260314e-08 4.735878658373875634e-08 4.497589337464484392e-08 4.618293418603600630e-08 4.476226994821625773e-08 3.907144916438564991e-08 3.237234597434297969e-08 2.422173461628152657e-08 1.907974257552740510e-08 1.321071869940632881e-08 9.693530560323093994e-09 9.827773337188930766e-10 -3.110476403930543157e-10 1.375365942959107275e-07 1.052203515310026398e-07 1.072312494975369284e-07 1.034253228087321073e-07 9.907078424125992932e-08 7.539788343567275663e-08 6.485883784300042485e-08 3.839326393382953125e-08 3.130229647646205441e-08 3.096179936796523560e-08 2.633001188645998678e-08 2.941658157310389840e-08 3.319924202762323606e-08 3.342205990353992010e-08 2.478337772609630153e-08 2.957361316398836424e-08 2.368043656602563206e-08 1.577903079288494816e-08 1.436317979743504895e-08 1.193570272317810501e-08 1.083351189507290482e-08 1.163554670103543511e-08 2.678526953350628364e-09 7.617106705836830168e-09 2.073547434722761771e-07 1.687090757342156095e-07 1.493731802527612635e-07 1.157948213268013102e-07 1.251159727404933792e-07 9.656403123846708842e-08 6.640422800450529889e-08 5.000909024256089127e-08 5.765086680006755925e-08 2.936336850961067699e-08 2.780229267501217608e-08 9.111012087501438465e-09 4.230379853233351386e-09 3.749974448146831497e-09 1.139504778039120131e-08 -1.366711687037433952e-08 -2.595911075134425364e-08 -1.372107493376627192e-08 -1.786845105476847184e-08 5.632694714969639089e-09 -1.643805327737175318e-08 -6.708440776586456197e-09 -1.011272893648906158e-08 -1.408356153469465623e-08
1.577009410072741219e-06 1.574899364044576349e-06 1.571204871084372186e-06 1.589323428479587342e-06 1.616129517670676136e-06 1.651286068875787429e-06 1.678179297433868329e-06 1.646851767140840943e-06 1.497378642471894207e-06 1.334139668147853169e-06 1.179520355468799842e-06 1.027775205062469400e-06 8.871062323758572092e-07 7.713875424425813371e-07 6.634872324182010624e-07 5.603267085956448561e-07 4.623783412825762849e-07 3.808440837296559940e-07 3.202565065698615472e-07 2.763787162175950266e-07 2.322798866264590259e-07 1.852582388134341877e-07 1.526435352791944548e-07 1.151104280335994616e-07 1.037892583335104747e-07 8.594003937658572294e-08 7.302038345643641016e-08 8.222231116491584232e-08 8.935617686064620873e-08 9.666309197107309655e-08 9.580210173898335550e-08 9.316339312318885347e-08 8.678719820649895475e-08 7.897585170445218975e-08 6.827927282092211722e-08 5.147977581689287412e-08 4.681213763664134174e-08 3.717801623270942033e-08 2.008519051655631149e-08 1.088401901450241785e-08 3.948499154706774629e-09 -3.259030862249013271e-09 -1.072994719238789573e-08 -1.403269194758644007e-08 -1.355619795806588794e-08 -1.235229695622147012e-08 -1.255189020822357346e-08 -1.956870212619707212e-08 7.238095341819065437e-08 4.750459054242372229e-08 4.711980688014850644e-08 3.757439510120566674e-08 3.063372176340032397e-08 2.551572167732484920e-08 2.127280896102307414e-08 2.279800413857784729e-08 2.550826746355590791e-08 2.909465324163022884e-08 3.279504047432734939e-08 3.344440070099856441e-08 3.176977770496881724e-08 2.666526356969028143e-08 1.907458759549116220e-08 1.058558675465867898e-08 6.720140325920166072e-09 3.254022695493050526e-09 -8.362658082008606985e-09 -1.509153548328450250e-08 -1.711054728967008226e-08 -1.992832099423982317e-08 -1.844698667941093233e-08 -2.167037930098897214e-08 9.715697595697148731e-08 7.964362890645630102e-08 6.833037506998362317e-08 6.682806982664157543e-08 7.416105153495691707e-08 7.747723792050597374e-08 6.731796396325867151e-08 4.792877881781519485e-08 4.538536136166813789e-08 3.857118547923529136e-08 4.224180568772137857e-08 4.471898936278854383e-08 4.637893995352122628e-08 4.307951346664418141e-08 4.334714685904550683e-08 4.344710360118570565e-08 3.609406033334851746e-08 2.994849090359867627e-08 2.089347799139783850e-08 1.525406285885948138e-08 8.529146772135883681e-09 6.352742421035659235e-09 -1.205555313702509966e-09 -3.615927888730177518e-09 1.048982742141185921e-07 8.871689656944313064e-08 1.012551995030253352e-07 9.907420905235885996e-08 9.752346769215819316e-08 7.863765300770162493e-08 6.740232977493416383e-08 4.071101272906316500e-08 3.401281594208712239e-08 3.454613459941127604e-08 2.893818262150713873e-08 2.932446734312379744e-08 3.363405797328734089e-08 3.408291762125601560e-08 2.698255136183513732e-08 3.179141642532347633e-08 2.542149703998019605e-08 2.013120426436379264e-08 1.659835764621394122e-08 1.188075163980664675e-08 1.105153597744478445e-08 1.289118350820251488e-08 5.177089160866045629e-09 8.868814080548065556e-09 1.735430022952707768e-07 1.496051915720357070e-07 1.316145963633703792e-07 1.162592720316336395e-07 1.237203306786435167e-07 9.861417962143435053e-08 6.469821316257592364e-08 5.191150129799682341e-08 6.255725848582778249e-08 3.171495012280557669e-08 3.101354417883913764e-08 1.141921459476512972e-08 1.219545113879754927e-08 6.644713966931879993e-09 1.148585052610230601e-08 -1.383163247744266031e-08 -1.721323189460816825e-08 -4.536946703142038852e-09 -7.878336716366393037e-09 6.878468201578962858e-09 -1.643597310199098611e-08 -6.495209824861057538e-09 -1.091044976562356409e-08 -1.353506442568825683e-08
1.297155809350263311e-06 1.315597631885708403e-06 1.321275711156417382e-06 1.357184704622589649e-06 1.393339591288623942e-06 1.439972248049113192e-06 1.484744876870396973e-06 1.497378642471894207e-06 1.473649310913615563e-06 1.347469212189656535e-06 1.207912098766819094e-06 1.064988700086447817e-06 9.300652549373304235e-07 8.121678397957683381e-07 6.978583331885818981e-07 5.901197653473581406e-07 4.882354988954092859e-07 4.021796803913413673e-07 3.399943811666073831e-07 2.915759090850600054e-07 2.482756305884565793e-07 1.987037530428543691e-07 1.676246347136846459e-07 1.313713994198991238e-07 7.603479116349819232e-08 6.829205553761996563e-08 5.591187469527986531e-08 6.569763821242391949e-08 7.644578662532620230e-08 8.440026734087687256e-08 8.712556738725302087e-08 8.878638467380261457e-08 9.043809857640297292e-08 8.512775612627718848e-08 7.746787986087039550e-08 6.131940939575001501e-08 5.789669921177399847e-08 4.738836605477515712e-08 2.991543354066800833e-08 1.803971056860071543e-08 1.044340532327943970e-08 1.548991443092575242e-09 -5.901539379284023482e-09 -1.251391128909392002e-08 -1.433633338024622274e-08 -1.336742603045192963e-08 -1.318016094707132775e-08 -1.874328077632597969e-08 4.869384374159458911e-08 3.434711165685159968e-08 3.312615612454462601e-08 2.758006371548977250e-08 2.153193889029405713e-08 1.741064599133582490e-08 1.348741454670985526e-08 1.552209991758513393e-08 1.879530507592215561e-08 2.284695944296385002e-08 2.642334275270249866e-08 2.859169804239410345e-08 2.762499874302731376e-08 2.177231002044072570e-08 1.512581513547042933e-08 6.062779035759946099e-09 2.258092279350159289e-09 -1.297657866773737600e-09 -1.157353159687608080e-08 -1.740231357374764644e-08 -1.719155180452871666e-08 -1.723864847220606157e-08 -1.740984299012560883e-08 -2.220726294038937414e-08 7.969302460839611041e-08 6.193940601493910686e-08 5.089962445126721033e-08 5.072676667371249622e-08 5.691689757717602209e-08 6.429143955506608430e-08 6.084561039487863622e-08 4.484705328636163461e-08 4.317742308117480952e-08 3.719743859168747311e-08 3.773824027617758119e-08 4.102757426804724723e-08 4.296246276847654369e-08 3.674600340978895600e-08 3.322930480251721368e-08 3.190455684005459773e-08 2.579924634096512295e-08 2.078992581941753454e-08 1.193373036178280775e-08 7.534085661620636748e-09 2.713480439148874078e-09 1.045619564489211815e-09 -4.770629969486502165e-09 -6.077439190839420368e-09 8.477441823536791324e-08 7.935589188291326390e-08 9.009486463599238234e-08 8.402692972776277643e-08 8.283850965556367456e-08 6.996146405061319903e-08 6.258666974812072140e-08 4.116809002845614864e-08 3.243906694864274634e-08 3.297537647233881401e-08 2.909114764760556738e-08 2.854481250413981393e-08 3.253139570950409084e-08 2.907447094820598411e-08 2.387734328660293771e-08 2.734873936332616856e-08 2.216986668274437535e-08 1.828808571875879918e-08 1.482856934103717299e-08 9.527081250647634579e-09 1.021455502233283883e-08 1.145644366499048151e-08 5.540033184615348989e-09 9.005021216774587921e-09 1.366139634704248734e-07 1.202977754856264490e-07 1.109538884234927496e-07 1.034156268393987031e-07 1.152849058685839561e-07 9.449088824343459517e-08 6.946387253974672316e-08 5.373212801694889312e-08 6.278782289107033145e-08 3.400783062925643672e-08 3.326311708875432149e-08 1.252120954996599614e-08 1.809248424172987519e-08 1.006947024796823023e-08 1.760014428023445982e-08 -4.195429684435014549e-09 -1.155579660156325545e-09 9.593036794658610655e-09 3.318742763933578768e-09 1.349226918867876353e-08 -1.294788232121093261e-08 -3.477324568129797607e-09 -9.898248110187715275e-09 -1.238520634947241940e-08
1.088031202273152987e-06 1.119657249453794178e-06 1.132249578382204131e-06 1.168656135933436812e-06 1.206383540168527168e-06 1.256614423849235317e-06 1.307681428696283912e-06 1.334139668147853169e-06 1.347469212189656535e-06 1.342929559437522862e-06 1.237202313038511214e-06 1.107456411945619055e-06 9.782075449697784575e-07 8.615303020690432929e-07 7.441049464701584960e-07 6.331726939595121193e-07 5.265566840672754462e-07 4.349358659583822948e-07 3.683493390531310654e-07 3.155319794720675015e-07 2.696181812597839138e-07 2.163464037256587142e-07 1.839831129430420372e-07 1.465581669137161466e-07 4.605595938913843951e-08 4.819215907230729849e-08 4.265449674440741998e-08 4.970170346518486840e-08 6.095550438888896676e-08 7.028057161281838276e-08 7.413256090591782892e-08 7.317874493356670083e-08 7.881178312884510475e-08 8.251444869456360622e-08 7.945884384828090133e-08 6.349449893231950944e-08 6.314026353051229518e-08 5.383379082110882568e-08 3.626060746220566968e-08 2.525048959376741744e-08 1.995377913254830502e-08 1.125708417928130431e-08 4.925888091699945295e-09 -3.236756724146913836e-09 -4.916752036865294837e-09 -4.348266266423218556e-09 -4.594090040625082580e-09 -1.041311280848060130e-08 1.293293255812516346e-08 1.202145352082919650e-08 1.583605747072089712e-08 1.502915885875761290e-08 1.013526300565228946e-08 8.161699908112533347e-09 8.758532297887414482e-09 1.097688999184540798e-08 1.372850791190762922e-08 1.832630933051170414e-08 2.108859865101887448e-08 2.482255065254031453e-08 2.461928055339277017e-08 1.859458363097796194e-08 1.222663901655183770e-08 3.064323912614672698e-09 1.484900452639915543e-09 -2.357320107014837784e-10 -8.007167553771902041e-09 -1.407040056958270763e-08 -1.342254338348833729e-08 -1.233376232917839423e-08 -1.200198982801206506e-08 -1.631894419759108875e-08 4.678236796675709991e-08 3.184436618817959375e-08 2.701954392474306483e-08 3.090000564752926915e-08 3.594585460606539089e-08 4.540110863456154713e-08 4.763319803175180164e-08 3.472732079404508068e-08 3.423885274321953595e-08 3.204959712387259269e-08 3.077097823853786933e-08 3.505207040326912143e-08 3.831163464428364204e-08 3.175076379751641176e-08 2.787172416989952398e-08 2.615597619672967704e-08 2.116750637237476771e-08 1.777108704350925889e-08 1.103232033485382452e-08 7.843414261761610011e-09 3.132068624917289690e-09 1.042876919424310988e-09 -4.305659930515085467e-09 -5.674911693064469748e-09 3.826595756052832393e-08 4.741087374751525412e-08 5.909954079921252307e-08 6.013173404336664426e-08 6.260375667825087016e-08 5.497941198658420032e-08 5.279458089602347579e-08 3.594899164733237692e-08 2.666313511760172215e-08 2.621925661436384952e-08 2.395127144018936186e-08 2.309130173282772801e-08 2.697619863241324429e-08 2.361687065256826505e-08 1.987104943245475452e-08 2.282977497052665582e-08 1.971318383929944844e-08 1.861252970279740897e-08 1.622358304627103058e-08 1.134647277098088911e-08 1.257609059841665257e-08 1.330928294975578018e-08 7.299395806283116019e-09 9.493222167824135696e-09 9.557795225672470983e-08 8.569090584872973522e-08 8.706317952847990073e-08 8.452037224495689041e-08 9.913221348256399629e-08 8.292875064147689151e-08 5.704767772943495131e-08 4.829386141003617677e-08 5.778306359988659263e-08 3.232300032318326141e-08 3.208212441195086954e-08 8.450658125479683357e-09 1.647310762483869447e-08 6.624477137486904053e-09 1.672124472750203638e-08 -1.575697855823128571e-09 2.345068952096604784e-09 1.092381312071198618e-08 6.351435971802686059e-09 1.530157137878710473e-08 -1.423679117969064468e-08 -3.825013729736270913e-09 -9.678255714463633006e-09 -1.003666399438823425e-08
9.329633790942540539e-07 9.657802736104909970e-07 9.799915984145205097e-07 1.014237336416682697e-06 1.047255496093421423e-06 1.094907040454160443e-06 1.145932258282564504e-06 1.179520355468799842e-06 1.207912098766819094e-06 1.237202313038511214e-06 1.232987631990565024e-06 1.134694098322727488e-06 1.013186899060732801e-06 8.965334060283569314e-07 7.787892650142138298e-07 6.656758324062781196e-07 5.591101469510756274e-07 4.673015126017158882e-07 3.963207808611560719e-07 3.399227703218346999e-07 2.894894775902248286e-07 2.335929126548827996e-07 1.967494316813856874e-07 1.592585645373084582e-07 2.446107764330549386e-08 2.914138583933049582e-08 2.911763005520043002e-08 3.561784580122450080e-08 4.554593514052787343e-08 5.631488570813897745e-08 6.006480516698474646e-08 5.992245625666131808e-08 6.463471451040972330e-08 7.338473513132360093e-08 7.802321570593130936e-08 6.299644882193368115e-08 5.986547565713381468e-08 5.111406142893001991e-08 3.464461396539759857e-08 2.469256932394982168e-08 2.010565496099367358e-08 1.391361217645043945e-08 9.355715667907781032e-09 1.308038158807802819e-09 -6.909631426246233921e-10 -8.907604979417366015e-10 -3.759057714586237536e-09 -1.043168282943364401e-08 -2.596440756939275246e-09 -1.868312838141050921e-09 4.438266890128426221e-09 7.136907499736482536e-09 6.876522259855819821e-09 5.765148227919669158e-09 7.377105721042673503e-09 9.845088651083728147e-09 1.122792273822616995e-08 1.532945395323045406e-08 1.596679866111294602e-08 2.103715502309050343e-08 2.101933009974836056e-08 1.603140690164840098e-08 1.163954075486971684e-08 3.234083217304792380e-09 2.201521125439271793e-09 5.490429059472517865e-10 -5.146180506303652964e-09 -1.151605152488133166e-08 -1.064230291094725155e-08 -1.081212150758917052e-08 -1.239345692156154355e-08 -1.745494158910214793e-08 3.995268580647486833e-08 2.630713252829428473e-08 2.583700966079943742e-08 2.960301524044257605e-08 3.256189079460612292e-08 3.995537353498072799e-08 4.338017855024807329e-08 3.379315613998138651e-08 3.181708496319125378e-08 2.908256996787765356e-08 2.640812482800486870e-08 3.066669083461260506e-08 3.452488999816869934e-08 2.743087682535011755e-08 2.354709644706177918e-08 2.204058005782676767e-08 1.833921886130928687e-08 1.596887537834865557e-08 1.045256949762918401e-08 7.460399096869262133e-09 3.421862542566001686e-09 1.800736389133179833e-09 -2.998650558885653911e-09 -4.504836150637794654e-09 2.822239980254427977e-08 4.071205588571640779e-08 5.323575549948695035e-08 5.361632864055066077e-08 5.918774327548659476e-08 5.287062971035561322e-08 5.192520243196032170e-08 4.073596657764439266e-08 3.008752312641426884e-08 2.949817790713794264e-08 2.648442357689642543e-08 2.303479779633102967e-08 2.479369253161502478e-08 2.305465334138767487e-08 2.065062978000243079e-08 2.248433828077181113e-08 1.973015853157210546e-08 1.879191948418034576e-08 1.662311790836800282e-08 1.119946537608599444e-08 1.399805937964957494e-08 1.425402051869869042e-08 8.674480369369301467e-09 9.628182286166008559e-09 8.164811255350417490e-08 7.934125967221014662e-08 8.801855841817440916e-08 7.667973370820950806e-08 9.111517522673283153e-08 7.997190145831791537e-08 5.332210945293817393e-08 5.209442719016505446e-08 6.327724028299941374e-08 4.198246314991471724e-08 3.717274810429765874e-08 1.607682693741552155e-08 2.145971600062806539e-08 8.110719707446902530e-09 1.396269818844967057e-08 -3.396115555595791936e-09 5.348842804973983405e-09 1.330514520959134680e-08 6.807246710664302201e-09 9.306749365933261053e-09 -1.843663773892552175e-08 -8.529766581658953390e-09 -1.652392226023617690e-08 -1.501787279469989154e-08
