1.389882999999999979e-06 1.126691999999999935e-06 8.907637000000000448e-07 6.989827000000000297e-07 5.486897000000000484e-07 4.325530000000000220e-07 3.433202000000000172e-07 2.749527000000000107e-07 2.226825999999999879e-07 1.826944000000000031e-07 1.515604000000000103e-07 1.259024000000000064e-07 1.029012000000000003e-07 8.102870000000000082e-08 6.021937999999999352e-08 4.149097000000000112e-08 2.599074000000000076e-08 1.416235000000000042e-08 5.704553000000000246e-09 9.186907000000000275e-08 7.313757000000000472e-08 5.449025999999999708e-08 3.946919999999999849e-08 2.802954999999999902e-08 1.953352000000000060e-08 1.332225000000000039e-08 8.844915000000000160e-09 5.662791000000000365e-09 3.406131999999999917e-09 1.731258999999999967e-09 3.483606000000000099e-10 -9.113038000000000186e-10 -2.078746000000000051e-09 -3.078784000000000026e-09 -3.811226999999999747e-09 -4.236035999999999743e-09 -4.385584999999999595e-09 -4.327445000000000042e-09 1.427234999999999983e-09 1.172186999999999935e-09 9.228420000000000067e-10 7.284231000000000093e-10 5.866484000000000439e-10 4.871680999999999981e-10 4.197378999999999925e-10 3.758873999999999794e-10 3.487729000000000209e-10 3.326272999999999852e-10 3.226453999999999992e-10 3.154235000000000120e-10 3.093026000000000089e-10 3.042150999999999993e-10 3.009490000000000223e-10 3.001510999999999811e-10 3.017761999999999944e-10 3.051853000000000090e-10 3.095159999999999991e-10 3.053415000000000152e-10 2.488157999999999795e-10 1.929405000000000122e-10 1.484409999999999892e-10 1.149719000000000029e-10 9.046837999999999422e-11 7.285424000000000401e-11 6.036791999999999547e-11 5.158509000000000229e-11 4.541190999999999890e-11 4.099764000000000180e-11 3.769040999999999873e-11 3.506967999999999764e-11 3.293141000000000255e-11 3.125573000000000095e-11 3.013389999999999946e-11 2.963704999999999719e-11 2.973093999999999691e-11 3.029174000000000235e-11 3.351344000000000168e-10 2.695523000000000247e-10 2.043175000000000030e-10 1.517354999999999978e-10 1.115097000000000058e-10 8.137892999999999724e-11 5.902861999999999370e-11 4.247977000000000126e-11 3.020226000000000221e-11 2.107592999999999944e-11 1.420988000000000044e-11 8.862581999999999929e-12 4.446588000000000399e-12 5.970837000000000320e-13 -2.765641000000000090e-12 -5.504399000000000081e-12 -7.460212000000000524e-12 -8.604256999999999816e-12 -9.041912999999999501e-12 4.993302999999999626e-10 4.021056000000000140e-10 3.051498000000000147e-10 2.266125000000000020e-10 1.662018999999999904e-10 1.206885000000000119e-10 8.669885999999999636e-11 6.137638999999999592e-11 4.255996000000000236e-11 2.861427000000000142e-11 1.819456999999999888e-11 1.011601000000000023e-11 3.375641999999999885e-12 -2.641536000000000186e-12 -8.054615000000000612e-12 -1.262481999999999951e-11 -1.605940999999999932e-11 -1.825512000000000068e-11 -1.933106999999999994e-11
1.126691999999999935e-06 1.059823000000000000e-06 8.763851000000000407e-07 7.035263000000000255e-07 5.590684999999999481e-07 4.438424000000000066e-07 3.537481999999999833e-07 2.839782000000000143e-07 2.301462000000000124e-07 1.882809999999999904e-07 1.547078000000000005e-07 1.265175999999999999e-07 1.020228999999999944e-07 8.039317000000000519e-08 6.107653000000000064e-08 4.383639000000000148e-08 2.898724000000000050e-08 1.702404000000000029e-08 8.061647999999999953e-09 7.313757000000000472e-08 6.655088999999999620e-08 5.356348000000000206e-08 4.021004000000000025e-08 2.920019000000000109e-08 2.070193999999999975e-08 1.434853000000000070e-08 9.692374000000000139e-09 6.310190000000000106e-09 3.813450999999999801e-09 1.886377000000000133e-09 3.358108999999999782e-10 -9.339423000000000951e-10 -1.984020999999999843e-09 -2.852283000000000127e-09 -3.527775000000000052e-09 -3.973260999999999893e-09 -4.180414999999999982e-09 -4.183711000000000133e-09 1.172186999999999935e-09 1.088806000000000055e-09 9.180973999999999609e-10 7.451174000000000061e-10 6.075458999999999710e-10 5.065712000000000094e-10 4.359666999999999768e-10 3.885206000000000035e-10 3.575767999999999826e-10 3.375577000000000119e-10 3.244270000000000109e-10 3.156775000000000196e-10 3.097890999999999947e-10 3.058235999999999943e-10 3.034222000000000009e-10 3.026895000000000123e-10 3.037318999999999797e-10 3.063066999999999820e-10 3.098488000000000002e-10 2.488157999999999795e-10 2.295128000000000049e-10 1.907605000000000001e-10 1.511033999999999985e-10 1.187814999999999894e-10 9.416426000000000452e-11 7.600230999999999829e-11 6.283313000000000169e-11 5.339375000000000238e-11 4.665633999999999747e-11 4.177413000000000105e-11 3.811946999999999772e-11 3.533310000000000178e-11 3.324237999999999714e-11 3.173229999999999960e-11 3.073188999999999902e-11 3.022981000000000203e-11 3.021916999999999916e-11 3.063997999999999845e-11 2.695523000000000247e-10 2.466031000000000125e-10 2.010231000000000004e-10 1.541145000000000110e-10 1.153405000000000036e-10 8.518185000000000503e-11 6.227028999999999477e-11 4.504665000000000052e-11 3.219606000000000286e-11 2.259158999999999987e-11 1.523490999999999935e-11 9.383280999999999749e-12 4.640264000000000149e-12 7.951128999999999895e-13 -2.328023000000000126e-12 -4.834696000000000102e-12 -6.716844999999999941e-12 -7.933339000000000432e-12 -8.510144000000000619e-12 4.021056000000000140e-10 3.677074000000000138e-10 2.997897000000000137e-10 2.297985999999999906e-10 1.716712000000000079e-10 1.261910999999999945e-10 9.144776999999999698e-11 6.525554000000000005e-11 4.568954999999999811e-11 3.103301000000000087e-11 1.977805000000000053e-11 1.082200000000000054e-11 3.525562000000000119e-12 -2.498364999999999927e-12 -7.525830999999999419e-12 -1.168846999999999937e-11 -1.494682999999999963e-11 -1.720879000000000063e-11 -1.847958999999999962e-11
8.907637000000000448e-07 8.763851000000000407e-07 8.332240000000000501e-07 7.008476999999999475e-07 5.706804999999999862e-07 4.591551999999999953e-07 3.687596000000000061e-07 2.972212000000000224e-07 2.408996000000000245e-07 1.959239000000000091e-07 1.590561000000000104e-07 1.282530000000000037e-07 1.024029000000000017e-07 8.072215999999999786e-08 6.239723000000000002e-08 4.658346999999999858e-08 3.275267999999999944e-08 2.096226999999999941e-08 1.152175000000000025e-08 5.449025999999999708e-08 5.356348000000000206e-08 4.950142000000000255e-08 4.040142000000000047e-08 3.059618999999999917e-08 2.231658999999999893e-08 1.583574000000000016e-08 1.092516999999999982e-08 7.221970999999999938e-09 4.384302000000000066e-09 2.177669999999999988e-09 4.675424999999999910e-10 -8.374808999999999633e-10 -1.824396999999999899e-09 -2.582082000000000059e-09 -3.175399000000000110e-09 -3.614974000000000011e-09 -3.878476999999999903e-09 -3.960916000000000387e-09 9.228420000000000067e-10 9.180973999999999609e-10 8.720777000000000438e-10 7.570042999999999974e-10 6.339093999999999492e-10 5.338210999999999610e-10 4.595295000000000105e-10 4.068543000000000226e-10 3.703162999999999778e-10 3.452706000000000236e-10 3.284736999999999945e-10 3.177437000000000223e-10 3.114121000000000107e-10 3.080165999999999887e-10 3.063772999999999983e-10 3.058687999999999788e-10 3.063986999999999958e-10 3.079979000000000247e-10 3.104792999999999806e-10 1.929405000000000122e-10 1.907605000000000001e-10 1.792081999999999892e-10 1.523274000000000038e-10 1.234296000000000087e-10 9.926641000000000535e-11 8.052185000000000510e-11 6.647714999999999569e-11 5.614212000000000191e-11 4.857120000000000129e-11 4.300574999999999777e-11 3.891462000000000246e-11 3.593806999999999815e-11 3.383025000000000319e-11 3.240737000000000149e-11 3.150792999999999699e-11 3.102233000000000076e-11 3.091342000000000299e-11 3.116513000000000051e-11 2.043175000000000030e-10 2.010231000000000004e-10 1.866971999999999982e-10 1.545471000000000049e-10 1.198532999999999970e-10 9.035567999999999936e-11 6.694264000000000242e-11 4.892870999999999781e-11 3.524609999999999862e-11 2.480263999999999982e-11 1.669434999999999984e-11 1.030146000000000041e-11 5.252860000000000298e-12 1.328873000000000087e-12 -1.673653999999999928e-12 -3.978438000000000218e-12 -5.740190999999999769e-12 -6.993278000000000325e-12 -7.723264999999999605e-12 3.051498000000000147e-10 2.997897000000000137e-10 2.780533000000000039e-10 2.299482000000000125e-10 1.780102000000000002e-10 1.336661999999999928e-10 9.835587999999999671e-11 7.112167000000000344e-11 5.036711000000000186e-11 3.445272000000000105e-11 2.201782000000000038e-11 1.213449999999999924e-11 4.275329000000000351e-12 -1.889638000000000071e-12 -6.699267000000000276e-12 -1.049776000000000030e-11 -1.350595999999999953e-11 -1.576466000000000080e-11 -1.723462999999999883e-11
6.989827000000000297e-07 7.035263000000000255e-07 7.008476999999999475e-07 6.752836999999999709e-07 5.764791000000000021e-07 4.755419999999999843e-07 3.870763000000000208e-07 3.138907000000000117e-07 2.542302999999999971e-07 2.053429999999999879e-07 1.650519999999999880e-07 1.319076999999999894e-07 1.047974999999999959e-07 8.269979999999999518e-08 6.462305000000000506e-08 4.959429000000000039e-08 3.672281000000000298e-08 2.547113999999999855e-08 1.585875999999999953e-08 3.946919999999999849e-08 4.021004000000000025e-08 4.040142000000000047e-08 3.808856999999999971e-08 3.153979000000000240e-08 2.410833999999999908e-08 1.766095999999999895e-08 1.246311000000000082e-08 8.362125999999999502e-09 5.154595999999999929e-09 2.681718999999999805e-09 8.153814999999999930e-10 -5.609815000000000237e-10 -1.556656999999999953e-09 -2.273673000000000199e-09 -2.803932000000000074e-09 -3.209736000000000092e-09 -3.501748999999999919e-09 -3.659639999999999989e-09 7.284231000000000093e-10 7.451174000000000061e-10 7.570042999999999974e-10 7.357265999999999521e-10 6.560626000000000088e-10 5.650980000000000270e-10 4.887132000000000490e-10 4.301356000000000196e-10 3.870928000000000180e-10 3.565311999999999775e-10 3.357711000000000090e-10 3.225455000000000004e-10 3.148836999999999928e-10 3.110464999999999970e-10 3.095225999999999833e-10 3.091625000000000168e-10 3.093876000000000143e-10 3.101344999999999799e-10 3.114762000000000230e-10 1.484409999999999892e-10 1.511033999999999985e-10 1.523274000000000038e-10 1.460536000000000125e-10 1.268384000000000053e-10 1.049473999999999953e-10 8.611209000000000491e-11 7.120201999999999997e-11 5.979794000000000278e-11 5.121521999999999874e-11 4.485250000000000099e-11 4.023916000000000118e-11 3.698736000000000084e-11 3.476409999999999967e-11 3.330626999999999799e-11 3.241542000000000204e-11 3.193150999999999911e-11 3.175302999999999804e-11 3.184904000000000017e-11 1.517354999999999978e-10 1.541145000000000110e-10 1.545471000000000049e-10 1.461424999999999945e-10 1.226792999999999932e-10 9.600004000000000177e-11 7.275568000000000326e-11 5.399963000000000060e-11 3.925752999999999782e-11 2.773183000000000059e-11 1.873879000000000077e-11 1.176632999999999960e-11 6.405898999999999824e-12 2.326779000000000137e-12 -7.218894000000000239e-13 -2.968710000000000181e-12 -4.637837999999999610e-12 -5.877304000000000298e-12 -6.720423999999999638e-12 2.266125000000000020e-10 2.297985999999999906e-10 2.299482000000000125e-10 2.169733999999999996e-10 1.817516000000000117e-10 1.418175000000000120e-10 1.069567999999999992e-10 7.872231000000000285e-11 5.642283000000000264e-11 3.888178999999999845e-11 2.508204000000000043e-11 1.426966999999999972e-11 5.866126000000000282e-12 -5.778338000000000455e-13 -5.437151000000000285e-12 -9.093366000000000574e-12 -1.190089999999999991e-11 -1.407940000000000077e-11 -1.567350000000000021e-11
5.486897000000000484e-07 5.590684999999999481e-07 5.706804999999999862e-07 5.764791000000000021e-07 5.628938000000000002e-07 4.867664999999999668e-07 4.057868000000000215e-07 3.323696999999999748e-07 2.694522999999999994e-07 2.167960999999999967e-07 1.734098999999999969e-07 1.380952999999999965e-07 1.095861000000000048e-07 8.665566000000000266e-08 6.818734999999999946e-08 5.318506999999999861e-08 4.073774000000000040e-08 3.004724999999999796e-08 2.064524000000000097e-08 2.802954999999999902e-08 2.920019000000000109e-08 3.059618999999999917e-08 3.153979000000000240e-08 3.035591999999999830e-08 2.546679000000000156e-08 1.954730999999999916e-08 1.418863000000000004e-08 9.732410999999999387e-09 6.188782000000000022e-09 3.461213000000000009e-09 1.418016999999999902e-09 -7.613424999999999742e-11 -1.144741999999999933e-09 -1.895003999999999798e-09 -2.420222999999999863e-09 -2.801037999999999856e-09 -3.090570000000000010e-09 -3.295553999999999888e-09 5.866484000000000439e-10 6.075458999999999710e-10 6.339093999999999492e-10 6.560626000000000088e-10 6.496465000000000479e-10 5.916585000000000409e-10 5.199927000000000132e-10 4.573655000000000064e-10 4.082631999999999804e-10 3.721635000000000146e-10 3.470615000000000014e-10 3.306432999999999743e-10 3.207203999999999774e-10 3.153864000000000246e-10 3.130318000000000088e-10 3.123205000000000177e-10 3.122733000000000160e-10 3.124298000000000144e-10 3.127908000000000093e-10 1.149719000000000029e-10 1.187814999999999894e-10 1.234296000000000087e-10 1.268384000000000053e-10 1.237923000000000027e-10 1.094234999999999996e-10 9.209316999999999663e-11 7.674502000000000088e-11 6.431575999999999897e-11 5.468847000000000274e-11 4.747528000000000286e-11 4.224136999999999694e-11 3.857022000000000001e-11 3.608599999999999952e-11 3.446763000000000022e-11 3.347025999999999677e-11 3.291676999999999768e-11 3.266975999999999912e-11 3.264621000000000131e-11 1.115097000000000058e-10 1.153405000000000036e-10 1.198532999999999970e-10 1.226792999999999932e-10 1.179412000000000032e-10 1.001514999999999979e-10 7.892666999999999614e-11 5.989648999999999775e-11 4.411802999999999876e-11 3.147593999999999967e-11 2.156873999999999923e-11 1.394556999999999952e-11 8.167242000000000188e-12 3.831618999999999609e-12 6.077208000000000170e-13 -1.747572999999999909e-12 -3.443878999999999890e-12 -4.678340999999999806e-12 -5.576724999999999747e-12 1.662018999999999904e-10 1.716712000000000079e-10 1.780102000000000002e-10 1.817516000000000117e-10 1.743519000000000088e-10 1.477278000000000128e-10 1.160170999999999969e-10 8.747048000000000192e-11 6.366412999999999603e-11 4.445015000000000159e-11 2.925993000000000253e-11 1.745475000000000052e-11 8.408076999999999737e-12 1.547500000000000020e-12 -3.591457000000000011e-12 -7.381953999999999950e-12 -1.017864000000000074e-11 -1.229677000000000032e-11 -1.392513999999999977e-11
4.325530000000000220e-07 4.438424000000000066e-07 4.591551999999999953e-07 4.755419999999999843e-07 4.867664999999999668e-07 4.806289000000000164e-07 4.188793999999999968e-07 3.500462000000000207e-07 2.859713000000000165e-07 2.306489999999999896e-07 1.846401000000000097e-07 1.471522999999999961e-07 1.169462000000000046e-07 9.273577000000000349e-08 7.334672000000000498e-08 5.775842999999999821e-08 4.508931999999999707e-08 3.454521999999999995e-08 2.543379000000000053e-08 1.953352000000000060e-08 2.070193999999999975e-08 2.231658999999999893e-08 2.410833999999999908e-08 2.546679000000000156e-08 2.489201999999999859e-08 2.094436000000000107e-08 1.592489000000000000e-08 1.132517999999999997e-08 7.525154999999999332e-09 4.548186999999999651e-09 2.293953000000000050e-09 6.310980000000000059e-10 -5.670626000000000059e-10 -1.410797000000000003e-09 -1.993201000000000012e-09 -2.394290000000000011e-09 -2.682634999999999805e-09 -2.902588000000000193e-09 4.871680999999999981e-10 5.065712000000000094e-10 5.338210999999999610e-10 5.650980000000000270e-10 5.916585000000000409e-10 5.921093000000000204e-10 5.461406999999999523e-10 4.864341000000000087e-10 4.337169000000000225e-10 3.926027999999999814e-10 3.627774000000000112e-10 3.423810000000000195e-10 3.292736999999999814e-10 3.214915999999999861e-10 3.173721999999999889e-10 3.155399999999999774e-10 3.148677000000000107e-10 3.145428999999999747e-10 3.142117000000000183e-10 9.046837999999999422e-11 9.416426000000000452e-11 9.926641000000000535e-11 1.049473999999999953e-10 1.094234999999999996e-10 1.082031000000000045e-10 9.689813999999999529e-11 8.254291000000000618e-11 6.958575000000000447e-11 5.906133999999999883e-11 5.097972000000000121e-11 4.501629999999999994e-11 4.076860999999999747e-11 3.785182000000000097e-11 3.592748999999999760e-11 3.471321999999999978e-11 3.399788000000000296e-11 3.363186999999999814e-11 3.350079999999999716e-11 8.137892999999999724e-11 8.518185000000000503e-11 9.035567999999999936e-11 9.600004000000000177e-11 1.001514999999999979e-10 9.771056999999999731e-11 8.362179000000000370e-11 6.591539999999999760e-11 4.967327000000000206e-11 3.611956999999999773e-11 2.532275999999999983e-11 1.696190999999999956e-11 1.061458999999999951e-11 5.866151000000000174e-12 2.347273000000000069e-12 -2.381811999999999868e-13 -2.102114999999999874e-12 -3.423822999999999960e-12 -4.371343999999999715e-12 1.206885000000000119e-10 1.261910999999999945e-10 1.336661999999999928e-10 1.418175000000000120e-10 1.477278000000000128e-10 1.438760999999999960e-10 1.227867000000000047e-10 9.628446000000000512e-11 7.183415999999999650e-11 5.127842000000000194e-11 3.476964999999999816e-11 2.187394000000000080e-11 1.199094999999999951e-11 4.518041999999999945e-12 -1.080857999999999957e-12 -5.227366999999999651e-12 -8.249812999999999272e-12 -1.045485000000000003e-11 -1.211328999999999998e-11
3.433202000000000172e-07 3.537481999999999833e-07 3.687596000000000061e-07 3.870763000000000208e-07 4.057868000000000215e-07 4.188793999999999968e-07 4.154720999999999951e-07 3.623597999999999861e-07 3.024265999999999904e-07 2.466942999999999752e-07 1.988108000000000083e-07 1.591657000000000076e-07 1.269532999999999884e-07 1.010303999999999939e-07 8.025242999999999436e-08 6.359559000000000414e-08 5.017802000000000081e-08 3.923895000000000211e-08 3.009123000000000177e-08 1.332225000000000039e-08 1.434853000000000070e-08 1.583574000000000016e-08 1.766095999999999895e-08 1.954730999999999916e-08 2.094436000000000107e-08 2.059145999999999995e-08 1.727774000000000076e-08 1.302275999999999981e-08 9.135489999999999438e-09 5.940019000000000020e-09 3.448584000000000134e-09 1.570549999999999917e-09 1.919331999999999892e-10 -7.957291999999999533e-10 -1.486423000000000048e-09 -1.959194000000000173e-09 -2.282183000000000204e-09 -2.513975000000000100e-09 4.197378999999999925e-10 4.359666999999999768e-10 4.595295000000000105e-10 4.887132000000000490e-10 5.199927000000000132e-10 5.461406999999999523e-10 5.492545000000000289e-10 5.117027999999999631e-10 4.617266000000000194e-10 4.174708999999999837e-10 3.829784000000000121e-10 3.579676999999999963e-10 3.408326000000000024e-10 3.297453000000000256e-10 3.230386000000000222e-10 3.193063999999999966e-10 3.173877999999999987e-10 3.163319000000000189e-10 3.154559999999999806e-10 7.285424000000000401e-11 7.600230999999999829e-11 8.052185000000000510e-11 8.611209000000000491e-11 9.209316999999999663e-11 9.689813999999999529e-11 9.659578000000000141e-11 8.731967000000000531e-11 7.521513999999999893e-11 6.425587000000000013e-11 5.538402000000000093e-11 4.860922000000000277e-11 4.364276000000000093e-11 4.013223000000000256e-11 3.774433000000000220e-11 3.618774999999999997e-11 3.522033999999999813e-11 3.466228999999999689e-11 3.438713000000000112e-11 5.902861999999999370e-11 6.227028999999999477e-11 6.694264000000000242e-11 7.275568000000000326e-11 7.892666999999999614e-11 8.362179000000000370e-11 8.231867000000000107e-11 7.058074000000000405e-11 5.547617999999999717e-11 4.158403999999999938e-11 3.002982999999999746e-11 2.087143999999999896e-11 1.381593999999999939e-11 8.487502999999999241e-12 4.522572000000000129e-12 1.600649000000000079e-12 -5.328250000000000041e-13 -2.057833999999999812e-12 -3.127314999999999988e-12 8.669885999999999636e-11 9.144776999999999698e-11 9.835587999999999671e-11 1.069567999999999992e-10 1.160170999999999969e-10 1.227867000000000047e-10 1.206168000000000068e-10 1.029629000000000059e-10 8.025546000000000546e-11 5.925166999999999687e-11 4.166136999999999740e-11 2.761432000000000143e-11 1.670387999999999849e-11 8.386503999999999340e-12 2.128370000000000149e-12 -2.538081999999999969e-12 -5.975839000000000342e-12 -8.465174999999999218e-12 -1.026981000000000065e-11
2.749527000000000107e-07 2.839782000000000143e-07 2.972212000000000224e-07 3.138907000000000117e-07 3.323696999999999748e-07 3.500462000000000207e-07 3.623597999999999861e-07 3.605349000000000000e-07 3.150597999999999794e-07 2.634703999999999847e-07 2.153694999999999884e-07 1.739542000000000080e-07 1.395900999999999868e-07 1.116043000000000010e-07 8.902847000000000576e-08 7.088731000000000427e-08 5.630334999999999707e-08 4.451775999999999827e-08 3.487133000000000101e-08 8.844915000000000160e-09 9.692374000000000139e-09 1.092516999999999982e-08 1.246311000000000082e-08 1.418863000000000004e-08 1.592489000000000000e-08 1.727774000000000076e-08 1.716175000000000146e-08 1.445139000000000008e-08 1.087718999999999974e-08 7.586367000000000423e-09 4.870315000000000257e-09 2.747874999999999881e-09 1.146219000000000093e-09 -2.978498999999999787e-11 -8.716595000000000131e-10 -1.459314999999999939e-09 -1.860296999999999951e-09 -2.133037000000000189e-09 3.758873999999999794e-10 3.885206000000000035e-10 4.068543000000000226e-10 4.301356000000000196e-10 4.573655000000000064e-10 4.864341000000000087e-10 5.117027999999999631e-10 5.173388999999999536e-10 4.869519999999999745e-10 4.448714999999999976e-10 4.071210999999999746e-10 3.774114000000000250e-10 3.556383000000000001e-10 3.405000999999999934e-10 3.304705000000000015e-10 3.241422000000000080e-10 3.203222999999999951e-10 3.180173000000000222e-10 3.164063000000000058e-10 6.036791999999999547e-11 6.283313000000000169e-11 6.647714999999999569e-11 7.120201999999999997e-11 7.674502000000000088e-11 8.254291000000000618e-11 8.731967000000000531e-11 8.766883999999999543e-11 8.007733999999999895e-11 6.987357999999999881e-11 6.056675999999999465e-11 5.300867000000000096e-11 4.722871999999999911e-11 4.298975000000000269e-11 3.999442000000000115e-11 3.795881000000000191e-11 3.663304999999999687e-11 3.580809999999999885e-11 3.532893999999999789e-11 4.247977000000000126e-11 4.504665000000000052e-11 4.892870999999999781e-11 5.399963000000000060e-11 5.989648999999999775e-11 6.591539999999999760e-11 7.058074000000000405e-11 7.002669000000000481e-11 6.026058999999999859e-11 4.742229999999999918e-11 3.555126999999999903e-11 2.565652999999999872e-11 1.780690000000000160e-11 1.175957999999999986e-11 7.195935000000000074e-12 3.805515000000000067e-12 1.313013999999999963e-12 -5.010620000000000313e-13 -1.791263000000000099e-12 6.137638999999999592e-11 6.525554000000000005e-11 7.112167000000000344e-11 7.872231000000000285e-11 8.747048000000000192e-11 9.628446000000000512e-11 1.029629000000000059e-10 1.018434999999999984e-10 8.706595000000000424e-11 6.770702000000000325e-11 4.972528000000000155e-11 3.464303000000000046e-11 2.259206999999999907e-11 1.323158000000000005e-11 6.098932000000000088e-12 7.372411000000000260e-13 -3.255303000000000190e-12 -6.190757999999999822e-12 -8.310012999999999358e-12
2.226825999999999879e-07 2.301462000000000124e-07 2.408996000000000245e-07 2.542302999999999971e-07 2.694522999999999994e-07 2.859713000000000165e-07 3.024265999999999904e-07 3.150597999999999794e-07 3.157173000000000235e-07 2.771975999999999966e-07 2.327306999999999917e-07 1.908999999999999955e-07 1.546689999999999935e-07 1.244689000000000089e-07 9.977957999999999594e-08 7.979387999999999453e-08 6.368115999999999767e-08 5.068478000000000289e-08 4.014941000000000270e-08 5.662791000000000365e-09 6.310190000000000106e-09 7.221970999999999938e-09 8.362125999999999502e-09 9.732410999999999387e-09 1.132517999999999997e-08 1.302275999999999981e-08 1.445139000000000008e-08 1.459316999999999997e-08 1.238454000000000033e-08 9.346262000000000579e-09 6.512181999999999960e-09 4.156188999999999988e-09 2.306193000000000000e-09 9.052823000000000100e-10 -1.259136999999999981e-10 -8.652719999999999667e-10 -1.381306000000000027e-09 -1.732789000000000064e-09 3.487729000000000209e-10 3.575767999999999826e-10 3.703162999999999778e-10 3.870928000000000180e-10 4.082631999999999804e-10 4.337169000000000225e-10 4.617266000000000194e-10 4.869519999999999745e-10 4.947301000000000388e-10 4.697304000000000140e-10 4.334087999999999851e-10 4.002484999999999750e-10 3.737764999999999965e-10 3.540666999999999805e-10 3.400751999999999983e-10 3.305200999999999927e-10 3.241967000000000102e-10 3.200711999999999814e-10 3.172716000000000255e-10 5.158509000000000229e-11 5.339375000000000238e-11 5.614212000000000191e-11 5.979794000000000278e-11 6.431575999999999897e-11 6.958575000000000447e-11 7.521513999999999893e-11 8.007733999999999895e-11 8.104798000000000419e-11 7.483757999999999584e-11 6.613355000000000268e-11 5.809550999999999789e-11 5.152177000000000090e-11 4.646919999999999914e-11 4.274799999999999678e-11 4.010755999999999798e-11 3.830393999999999925e-11 3.712003000000000132e-11 3.637276000000000303e-11 3.020226000000000221e-11 3.219606000000000286e-11 3.524609999999999862e-11 3.925752999999999782e-11 4.411802999999999876e-11 4.967327000000000206e-11 5.547617999999999717e-11 6.026058999999999859e-11 6.048873999999999899e-11 5.241511999999999891e-11 4.143298000000000063e-11 3.117203000000000283e-11 2.257128000000000154e-11 1.572442000000000056e-11 1.043850000000000000e-11 6.445480999999999887e-12 3.478612999999999972e-12 1.298527000000000006e-12 -2.860013999999999934e-13 4.255996000000000236e-11 4.568954999999999811e-11 5.036711000000000186e-11 5.642283000000000264e-11 6.366412999999999603e-11 7.183415999999999650e-11 8.025546000000000546e-11 8.706595000000000424e-11 8.709669999999999662e-11 7.484570999999999734e-11 5.827547000000000028e-11 4.273004000000000116e-11 2.961927000000000209e-11 1.910624999999999929e-11 1.092104999999999980e-11 4.674657000000000081e-12 -2.511772999999999962e-14 -3.526811999999999937e-12 -6.100697000000000334e-12
1.826944000000000031e-07 1.882809999999999904e-07 1.959239000000000091e-07 2.053429999999999879e-07 2.167960999999999967e-07 2.306489999999999896e-07 2.466942999999999752e-07 2.634703999999999847e-07 2.771975999999999966e-07 2.801733999999999987e-07 2.472993999999999916e-07 2.085084999999999907e-07 1.716355999999999941e-07 1.394874000000000053e-07 1.125577000000000047e-07 9.045229000000000136e-08 7.249361000000000191e-08 5.797058000000000187e-08 4.623037000000000318e-08 3.406131999999999917e-09 3.813450999999999801e-09 4.384302000000000066e-09 5.154595999999999929e-09 6.188782000000000022e-09 7.525154999999999332e-09 9.135489999999999438e-09 1.087718999999999974e-08 1.238454000000000033e-08 1.271579000000000040e-08 1.088189000000000077e-08 8.247112000000000296e-09 5.756638000000000279e-09 3.670521000000000171e-09 2.023712999999999958e-09 7.716685999999999506e-10 -1.524453000000000019e-10 -8.160862000000000516e-10 -1.279493999999999925e-09 3.326272999999999852e-10 3.375577000000000119e-10 3.452706000000000236e-10 3.565311999999999775e-10 3.721635000000000146e-10 3.926027999999999814e-10 4.174708999999999837e-10 4.448714999999999976e-10 4.697304000000000140e-10 4.785755999999999578e-10 4.572048000000000133e-10 4.248932999999999848e-10 3.949031000000000071e-10 3.706072999999999926e-10 3.522140999999999801e-10 3.388744999999999758e-10 3.294888999999999767e-10 3.230019999999999874e-10 3.184957000000000110e-10 4.541190999999999890e-11 4.665633999999999747e-11 4.857120000000000129e-11 5.121521999999999874e-11 5.468847000000000274e-11 5.906133999999999883e-11 6.425587000000000013e-11 6.987357999999999881e-11 7.483757999999999584e-11 7.626199999999999473e-11 7.108567000000000481e-11 6.351033999999999815e-11 5.642229000000000111e-11 5.057868000000000194e-11 4.605847000000000256e-11 4.270882999999999705e-11 4.031564999999999897e-11 3.866616999999999982e-11 3.756912000000000178e-11 2.107592999999999944e-11 2.259158999999999987e-11 2.480263999999999982e-11 2.773183000000000059e-11 3.147593999999999967e-11 3.611956999999999773e-11 4.158403999999999938e-11 4.742229999999999918e-11 5.241511999999999891e-11 5.328406999999999956e-11 4.653522000000000172e-11 3.699745000000000287e-11 2.798280999999999999e-11 2.037899000000000019e-11 1.430135000000000065e-11 9.596445000000000717e-12 6.035801000000000365e-12 3.387599000000000053e-12 1.441591000000000092e-12 2.861427000000000142e-11 3.103301000000000087e-11 3.445272000000000105e-11 3.888178999999999845e-11 4.445015000000000159e-11 5.127842000000000194e-11 5.925166999999999687e-11 6.770702000000000325e-11 7.484570999999999734e-11 7.586424999999999473e-11 6.561920000000000538e-11 5.123386999999999846e-11 3.758179000000000035e-11 2.599353000000000102e-11 1.666154000000000092e-11 9.373297999999999709e-12 3.798250000000000300e-12 -4.033304999999999948e-13 -3.536575999999999975e-12
1.515604000000000103e-07 1.547078000000000005e-07 1.590561000000000104e-07 1.650519999999999880e-07 1.734098999999999969e-07 1.846401000000000097e-07 1.988108000000000083e-07 2.153694999999999884e-07 2.327306999999999917e-07 2.472993999999999916e-07 2.519449000000000050e-07 2.234618000000000085e-07 1.891334999999999909e-07 1.561808999999999953e-07 1.272724999999999904e-07 1.029439000000000064e-07 8.290087999999999714e-08 6.657479000000000477e-08 5.334466000000000302e-08 1.731258999999999967e-09 1.886377000000000133e-09 2.177669999999999988e-09 2.681718999999999805e-09 3.461213000000000009e-09 4.548186999999999651e-09 5.940019000000000020e-09 7.586367000000000423e-09 9.346262000000000579e-09 1.088189000000000077e-08 1.132816000000000030e-08 9.766662000000000492e-09 7.436059999999999652e-09 5.207544999999999929e-09 3.328240999999999984e-09 1.837902000000000050e-09 7.010443000000000169e-10 -1.400918000000000094e-10 -7.454049999999999711e-10 3.226453999999999992e-10 3.244270000000000109e-10 3.284736999999999945e-10 3.357711000000000090e-10 3.470615000000000014e-10 3.627774000000000112e-10 3.829784000000000121e-10 4.071210999999999746e-10 4.334087999999999851e-10 4.572048000000000133e-10 4.661684999999999914e-10 4.471383999999999745e-10 4.176291000000000070e-10 3.898763999999999918e-10 3.670986000000000231e-10 3.495880999999999935e-10 3.366352999999999883e-10 3.272741000000000124e-10 3.205616000000000214e-10 4.099764000000000180e-11 4.177413000000000105e-11 4.300574999999999777e-11 4.485250000000000099e-11 4.747528000000000286e-11 5.097972000000000121e-11 5.538402000000000093e-11 6.056675999999999465e-11 6.613355000000000268e-11 7.108567000000000481e-11 7.276894999999999923e-11 6.833903000000000229e-11 6.160885999999999564e-11 5.523741999999999830e-11 4.994362999999999931e-11 4.582095000000000218e-11 4.274448000000000044e-11 4.052848000000000261e-11 3.898419999999999862e-11 1.420988000000000044e-11 1.523490999999999935e-11 1.669434999999999984e-11 1.873879000000000077e-11 2.156873999999999923e-11 2.532275999999999983e-11 3.002982999999999746e-11 3.555126999999999903e-11 4.143298000000000063e-11 4.653522000000000172e-11 4.783616999999999891e-11 4.208530000000000123e-11 3.366258999999999904e-11 2.561781000000000027e-11 1.879212999999999901e-11 1.331476000000000011e-11 9.062661999999999214e-12 5.838910999999999979e-12 3.438662000000000156e-12 1.819456999999999888e-11 1.977805000000000053e-11 2.201782000000000038e-11 2.508204000000000043e-11 2.925993000000000253e-11 3.476964999999999816e-11 4.166136999999999740e-11 4.972528000000000155e-11 5.827547000000000028e-11 6.561920000000000538e-11 6.732196000000000044e-11 5.859554999999999987e-11 4.589967000000000126e-11 3.372120000000000216e-11 2.332042999999999942e-11 1.490901000000000051e-11 8.319226000000000806e-12 3.267373000000000158e-12 -5.458858999999999651e-13
1.259024000000000064e-07 1.265175999999999999e-07 1.282530000000000037e-07 1.319076999999999894e-07 1.380952999999999965e-07 1.471522999999999961e-07 1.591657000000000076e-07 1.739542000000000080e-07 1.908999999999999955e-07 2.085084999999999907e-07 2.234618000000000085e-07 2.291813999999999878e-07 2.041074000000000109e-07 1.733185999999999966e-07 1.435078000000000061e-07 1.172162000000000064e-07 9.500982999999999388e-08 7.666574000000000289e-08 6.169271000000000212e-08 3.483606000000000099e-10 3.358108999999999782e-10 4.675424999999999910e-10 8.153814999999999930e-10 1.418016999999999902e-09 2.293953000000000050e-09 3.448584000000000134e-09 4.870315000000000257e-09 6.512181999999999960e-09 8.247112000000000296e-09 9.766662000000000492e-09 1.027350999999999920e-08 8.911834000000000681e-09 6.815686999999999937e-09 4.792902999999999987e-09 3.077952999999999824e-09 1.712820999999999994e-09 6.682360000000000280e-10 -1.071629999999999948e-10 3.154235000000000120e-10 3.156775000000000196e-10 3.177437000000000223e-10 3.225455000000000004e-10 3.306432999999999743e-10 3.423810000000000195e-10 3.579676999999999963e-10 3.774114000000000250e-10 4.002484999999999750e-10 4.248932999999999848e-10 4.471383999999999745e-10 4.556289999999999990e-10 4.381159999999999996e-10 4.106410999999999790e-10 3.845480999999999948e-10 3.628943999999999809e-10 3.460190000000000021e-10 3.333134000000000083e-10 3.239153000000000054e-10 3.769040999999999873e-11 3.811946999999999772e-11 3.891462000000000246e-11 4.023916000000000118e-11 4.224136999999999694e-11 4.501629999999999994e-11 4.860922000000000277e-11 5.300867000000000096e-11 5.809550999999999789e-11 6.351033999999999815e-11 6.833903000000000229e-11 7.013367999999999929e-11 6.624283000000000078e-11 6.015602999999999808e-11 5.433697999999999815e-11 4.946788000000000227e-11 4.565109000000000112e-11 4.278228999999999703e-11 4.069707000000000079e-11 8.862581999999999929e-12 9.383280999999999749e-12 1.030146000000000041e-11 1.176632999999999960e-11 1.394556999999999952e-11 1.696190999999999956e-11 2.087143999999999896e-11 2.565652999999999872e-11 3.117203000000000283e-11 3.699745000000000287e-11 4.208530000000000123e-11 4.364598999999999788e-11 3.864777000000000224e-11 3.109798999999999763e-11 2.382138000000000002e-11 1.761565999999999847e-11 1.261870999999999925e-11 8.729973999999999693e-12 5.776197000000000252e-12 1.011601000000000023e-11 1.082200000000000054e-11 1.213449999999999924e-11 1.426966999999999972e-11 1.745475000000000052e-11 2.187394000000000080e-11 2.761432000000000143e-11 3.464303000000000046e-11 4.273004000000000116e-11 5.123386999999999846e-11 5.859554999999999987e-11 6.071947999999999524e-11 5.313889000000000239e-11 4.176391000000000152e-11 3.075069000000000132e-11 2.129467999999999868e-11 1.361951000000000040e-11 7.590337000000000437e-12 2.959081000000000122e-12
1.029012000000000003e-07 1.020228999999999944e-07 1.024029000000000017e-07 1.047974999999999959e-07 1.095861000000000048e-07 1.169462000000000046e-07 1.269532999999999884e-07 1.395900999999999868e-07 1.546689999999999935e-07 1.716355999999999941e-07 1.891334999999999909e-07 2.041074000000000109e-07 2.104653999999999941e-07 1.880729999999999927e-07 1.601417999999999947e-07 1.329092000000000001e-07 1.087901999999999943e-07 8.835874999999999703e-08 7.144384999999999953e-08 -9.113038000000000186e-10 -9.339423000000000951e-10 -8.374808999999999633e-10 -5.609815000000000237e-10 -7.613424999999999742e-11 6.310980000000000059e-10 1.570549999999999917e-09 2.747874999999999881e-09 4.156188999999999988e-09 5.756638000000000279e-09 7.436059999999999652e-09 8.911834000000000681e-09 9.444922999999999811e-09 8.234389999999999727e-09 6.325249000000000353e-09 4.469488999999999723e-09 2.888998999999999941e-09 1.626091000000000025e-09 6.563059000000000176e-10 3.093026000000000089e-10 3.097890999999999947e-10 3.114121000000000107e-10 3.148836999999999928e-10 3.207203999999999774e-10 3.292736999999999814e-10 3.408326000000000024e-10 3.556383000000000001e-10 3.737764999999999965e-10 3.949031000000000071e-10 4.176291000000000070e-10 4.381159999999999996e-10 4.458487000000000157e-10 4.293649999999999954e-10 4.034465999999999890e-10 3.786520999999999771e-10 3.578800000000000091e-10 3.414958000000000151e-10 3.289695999999999783e-10 3.506967999999999764e-11 3.533310000000000178e-11 3.593806999999999815e-11 3.698736000000000084e-11 3.857022000000000001e-11 4.076860999999999747e-11 4.364276000000000093e-11 4.722871999999999911e-11 5.152177000000000090e-11 5.642229000000000111e-11 6.160885999999999564e-11 6.624283000000000078e-11 6.805410999999999465e-11 6.455984999999999859e-11 5.897512000000000003e-11 5.359374999999999911e-11 4.906257000000000023e-11 4.548789999999999886e-11 4.278133999999999792e-11 4.446588000000000399e-12 4.640264000000000149e-12 5.252860000000000298e-12 6.405898999999999824e-12 8.167242000000000188e-12 1.061458999999999951e-11 1.381593999999999939e-11 1.780690000000000160e-11 2.257128000000000154e-11 2.798280999999999999e-11 3.366258999999999904e-11 3.864777000000000224e-11 4.034986999999999758e-11 3.592871999999999678e-11 2.907630000000000122e-11 2.242250999999999995e-11 1.672345999999999870e-11 1.212045999999999983e-11 8.529782000000000378e-12 3.375641999999999885e-12 3.525562000000000119e-12 4.275329000000000351e-12 5.866126000000000282e-12 8.408076999999999737e-12 1.199094999999999951e-11 1.670387999999999849e-11 2.259206999999999907e-11 2.961927000000000209e-11 3.758179000000000035e-11 4.589967000000000126e-11 5.313889000000000239e-11 5.549878000000000235e-11 4.879502000000000305e-11 3.847334999999999903e-11 2.840370999999999954e-11 1.971944000000000064e-11 1.264884000000000046e-11 7.081137000000000142e-12
