1.498322999999999910e-06 1.294318999999999932e-06 1.114355999999999923e-06 9.537952000000000359e-07 8.149854999999999493e-07 6.968502000000000336e-07 5.970955999999999935e-07 5.131942999999999859e-07 4.427619999999999780e-07 3.836840000000000097e-07 3.341359000000000029e-07 2.925539000000000214e-07 2.575557000000000039e-07 2.277985999999999921e-07 2.018401000000000049e-07 1.781846000000000086e-07 1.555880000000000033e-07 1.334096999999999985e-07 1.117522000000000046e-07 9.126943000000000626e-08 7.274154000000000273e-08 5.669690999999999917e-08 4.328928999999999786e-08 3.237950999999999875e-08 1.090405999999999950e-07 9.458007000000000631e-08 7.905001000000000628e-08 6.504140999999999822e-08 5.303370999999999718e-08 4.298522999999999798e-08 3.468577999999999972e-08 2.788650999999999948e-08 2.234845000000000051e-08 1.785886999999999956e-08 1.423376999999999975e-08 1.131205999999999992e-08 8.942288000000000750e-09 6.968998999999999914e-09 5.237258000000000362e-09 3.621967999999999832e-09 2.060336999999999810e-09 5.628538999999999768e-10 -8.077870999999999639e-10 -1.979914999999999981e-09 -2.909467000000000165e-09 -3.590422999999999814e-09 -4.045327000000000004e-09 -4.310586000000000070e-09 1.918448999999999813e-09 1.700339999999999941e-09 1.469577000000000084e-09 1.266571999999999915e-09 1.097933999999999985e-09 9.620089999999999605e-10 8.546428000000000216e-10 7.712465000000000209e-10 7.075307999999999821e-10 6.597227000000000053e-10 6.245450000000000389e-10 5.990660000000000487e-10 5.805322000000000397e-10 5.663695999999999546e-10 5.544515000000000473e-10 5.434587000000000023e-10 5.330438000000000241e-10 5.236457999999999496e-10 5.160119000000000470e-10 5.107086999999999861e-10 5.078792999999999917e-10 5.072658999999999822e-10 5.083657999999999776e-10 5.105931999999999776e-10 4.648406999999999849e-10 4.110994000000000228e-10 3.537554999999999888e-10 3.025406000000000068e-10 2.591386999999999956e-10 2.232933000000000038e-10 1.941430999999999941e-10 1.707024000000000050e-10 1.520320999999999883e-10 1.372834999999999944e-10 1.256953999999999969e-10 1.165960000000000076e-10 1.094113999999999940e-10 1.036614999999999940e-10 9.895072999999999957e-11 9.496444000000000485e-11 9.147635999999999615e-11 8.837296999999999639e-11 8.565810000000000636e-11 8.341270999999999991e-11 8.172822000000000494e-11 8.064927999999999863e-11 8.015309000000000254e-11 8.016205999999999780e-11 2.371583999999999924e-10 2.070557000000000060e-10 1.749196000000000036e-10 1.461947999999999934e-10 1.217905000000000045e-10 1.015397000000000004e-10 8.495155000000000429e-11 7.147486000000000065e-11 6.058406999999999632e-11 5.179761000000000147e-11 4.468854000000000014e-11 3.890694000000000224e-11 3.418417000000000175e-11 3.031283000000000181e-11 2.711644999999999842e-11 2.442325000000000016e-11 2.207685000000000039e-11 1.997530999999999882e-11 1.809257999999999883e-11 1.646342000000000054e-11 1.514392999999999927e-11 1.417175999999999938e-11 1.354774999999999950e-11 1.324008000000000027e-11 9.106691999999999720e-10 7.949235999999999907e-10 6.704790000000000377e-10 5.579840000000000038e-10 4.611589999999999788e-10 3.796456000000000213e-10 3.117924000000000058e-10 2.556499000000000107e-10 2.093072999999999913e-10 1.710158000000000000e-10 1.392993000000000093e-10 1.129883000000000031e-10 9.115531999999999816e-11 7.299149000000000527e-11 5.764348999999999917e-11 4.419512999999999972e-11 3.185325999999999992e-11 2.016442999999999953e-11 9.097083000000000770e-12 -1.060746000000000012e-12 -9.929937999999999648e-12 -1.724937999999999935e-11 -2.295590999999999846e-11 -2.715232999999999887e-11
1.294318999999999932e-06 1.240709000000000076e-06 1.086346999999999901e-06 9.429653999999999689e-07 8.126703999999999526e-07 6.986748999999999825e-07 6.008213000000000068e-07 5.176519000000000429e-07 4.473390999999999985e-07 3.880642999999999765e-07 3.381561999999999850e-07 2.960974000000000028e-07 2.604450999999999927e-07 2.297421000000000121e-07 2.025705999999999994e-07 1.777688999999999898e-07 1.545874000000000016e-07 1.326464000000000038e-07 1.118391000000000052e-07 9.232319999999999651e-08 7.447818000000000471e-08 5.871966000000000317e-08 4.529051999999999758e-08 3.418702000000000009e-08 9.458007000000000631e-08 8.790188000000000334e-08 7.649419999999999420e-08 6.422394999999999720e-08 5.302581000000000013e-08 4.334338999999999833e-08 3.519067000000000127e-08 2.842821999999999884e-08 2.287258000000000085e-08 1.833906999999999879e-08 1.465488999999999922e-08 1.165670999999999996e-08 9.184041999999999872e-09 7.085116000000000000e-09 5.238122999999999821e-09 3.565482000000000199e-09 2.027619000000000172e-09 6.119295999999999503e-10 -6.691118000000000344e-10 -1.782729999999999902e-09 -2.694418999999999978e-09 -3.387764999999999830e-09 -3.870483000000000189e-09 -4.167926000000000068e-09 1.700339999999999941e-09 1.604251999999999932e-09 1.437722999999999999e-09 1.260819000000000090e-09 1.103564000000000099e-09 9.721732999999999809e-10 8.660665000000000098e-10 7.823647999999999534e-10 7.176192000000000028e-10 6.684410999999999573e-10 6.316596000000000466e-10 6.043157000000000124e-10 5.837184999999999628e-10 5.676398999999999849e-10 5.544813000000000341e-10 5.432522999999999687e-10 5.334525999999999534e-10 5.249889000000000254e-10 5.180800000000000349e-10 5.130436999999999579e-10 5.100505999999999964e-10 5.090030999999999543e-10 5.095632999999999623e-10 5.112587999999999799e-10 4.110994000000000228e-10 3.867861000000000133e-10 3.449209999999999921e-10 3.001132999999999773e-10 2.596326000000000139e-10 2.250648000000000012e-10 1.963883000000000072e-10 1.730198000000000015e-10 1.542119999999999944e-10 1.392042999999999956e-10 1.272913000000000079e-10 1.178560000000000116e-10 1.103634999999999984e-10 1.043416999999999976e-10 9.939248000000000221e-11 9.522308999999999548e-11 9.165356999999999434e-11 8.859054000000000270e-11 8.599949999999999600e-11 8.388682999999999951e-11 8.228081999999999432e-11 8.120515999999999444e-11 8.065200000000000490e-11 8.057171000000000424e-11 2.070557000000000060e-10 1.934311000000000125e-10 1.699439999999999924e-10 1.447633999999999977e-10 1.219621000000000084e-10 1.024097999999999993e-10 8.608137999999999686e-11 7.264192000000000396e-11 6.166451999999999542e-11 5.272394999999999891e-11 4.545019000000000184e-11 3.953774000000000072e-11 3.471955000000000265e-11 3.075279999999999797e-11 2.743367000000000138e-11 2.461162000000000090e-11 2.218221999999999997e-11 2.007581000000000147e-11 1.825349000000000000e-11 1.670543000000000145e-11 1.544426999999999999e-11 1.448932999999999921e-11 1.384687999999999966e-11 1.349972999999999947e-11 7.949235999999999907e-10 7.413413000000000485e-10 6.497111999999999928e-10 5.509629999999999512e-10 4.605540000000000104e-10 3.819758999999999941e-10 3.153278999999999881e-10 2.594826000000000196e-10 2.129429999999999904e-10 1.742546999999999918e-10 1.421583000000000043e-10 1.155459000000000027e-10 9.338215000000000514e-11 7.469620999999999439e-11 5.862890999999999963e-11 4.447996999999999995e-11 3.174531000000000057e-11 2.011589999999999913e-11 9.454352000000000345e-12 -2.119241999999999958e-13 -8.725399000000000190e-12 -1.590208000000000003e-11 -2.164331999999999951e-11 -2.597961000000000142e-11
1.114355999999999923e-06 1.086346999999999901e-06 1.041432999999999953e-06 9.213140000000000401e-07 8.062064000000000345e-07 6.997657999999999833e-07 6.054877999999999646e-07 5.238161999999999680e-07 4.539074000000000110e-07 3.944593999999999938e-07 3.440473000000000132e-07 3.012097999999999977e-07 2.644493000000000174e-07 2.323190999999999961e-07 2.036367000000000092e-07 1.776315999999999903e-07 1.538810999999999921e-07 1.321209000000000035e-07 1.121129000000000007e-07 9.366005000000000229e-08 7.672467000000000116e-08 6.146993000000000468e-08 4.812871999999999714e-08 3.682965999999999708e-08 7.905001000000000628e-08 7.649419999999999420e-08 7.125079999999999636e-08 6.239957000000000479e-08 5.270205000000000042e-08 4.371387999999999836e-08 3.585742999999999950e-08 2.919141000000000146e-08 2.363143999999999962e-08 1.904104000000000107e-08 1.526533000000000068e-08 1.214216000000000018e-08 9.515672000000000308e-09 7.259181999999999966e-09 5.289475000000000286e-09 3.559159999999999939e-09 2.037387999999999913e-09 6.962020999999999817e-10 -4.882331999999999638e-10 -1.524094999999999998e-09 -2.400148000000000013e-09 -3.098867999999999850e-09 -3.613324000000000126e-09 -3.953598000000000268e-09 1.469577000000000084e-09 1.437722999999999999e-09 1.366925999999999918e-09 1.242419999999999934e-09 1.107008000000000072e-09 9.847986999999999485e-10 8.818112999999999780e-10 7.982994999999999687e-10 7.323231999999999967e-10 6.811745999999999527e-10 6.419452999999999918e-10 6.118407999999999744e-10 5.884771999999999539e-10 5.700806999999999751e-10 5.554543000000000058e-10 5.437753000000000092e-10 5.344042000000000311e-10 5.268342000000000252e-10 5.207642999999999943e-10 5.161401999999999999e-10 5.130413000000000200e-10 5.114919999999999745e-10 5.113476999999999877e-10 5.123024000000000196e-10 3.537554999999999888e-10 3.449209999999999921e-10 3.262536999999999753e-10 2.942045999999999955e-10 2.592048000000000250e-10 2.271019999999999877e-10 1.994177999999999915e-10 1.762984999999999884e-10 1.573493999999999943e-10 1.419959000000000121e-10 1.296469000000000065e-10 1.197510999999999888e-10 1.118069999999999997e-10 1.053740000000000024e-10 1.000920000000000045e-10 9.570020999999999496e-11 9.203607000000000569e-11 8.900175000000000494e-11 8.652540000000000449e-11 8.454966999999999833e-11 8.303930999999999425e-11 8.198106000000000207e-11 8.136746000000000638e-11 8.117520000000000574e-11 1.749196000000000036e-10 1.699439999999999924e-10 1.594178000000000003e-10 1.413493999999999979e-10 1.215759999999999998e-10 1.033769000000000031e-10 8.758875999999999967e-11 7.427517000000000450e-11 6.320892999999999691e-11 5.408742000000000098e-11 4.661488999999999990e-11 4.051270999999999813e-11 3.551507000000000126e-11 3.137661000000000033e-11 2.789445999999999946e-11 2.493194999999999940e-11 2.241376999999999851e-11 2.029119999999999981e-11 1.851740999999999874e-11 1.704885000000000040e-11 1.585682000000000028e-11 1.493192999999999977e-11 1.427488999999999997e-11 1.388077999999999934e-11 6.704790000000000377e-10 6.497111999999999928e-10 6.072546999999999958e-10 5.357185000000000252e-10 4.572098999999999847e-10 3.841638999999999973e-10 3.198838000000000074e-10 2.647752999999999904e-10 2.181730000000000075e-10 1.790996000000000088e-10 1.465082999999999944e-10 1.193333999999999883e-10 9.650499999999999400e-11 7.701708000000000367e-11 6.007302999999999692e-11 4.517033000000000065e-11 3.201504000000000249e-11 2.038877000000000098e-11 1.008825000000000036e-11 9.457394000000000243e-13 -7.111889000000000131e-12 -1.404640000000000041e-11 -1.977574000000000152e-11 -2.426532000000000025e-11
9.537952000000000359e-07 9.429653999999999689e-07 9.213140000000000401e-07 8.866425999999999591e-07 7.913206999999999663e-07 6.977188999999999572e-07 6.097572000000000359e-07 5.309325000000000196e-07 4.620320000000000175e-07 4.025867999999999929e-07 3.515479999999999925e-07 3.075773000000000049e-07 2.692730999999999973e-07 2.354354000000000119e-07 2.052369000000000079e-07 1.781836000000000074e-07 1.539566000000000116e-07 1.322735999999999887e-07 1.128174000000000054e-07 9.523656999999999634e-08 7.922630000000000051e-08 6.465208999999999775e-08 5.158658000000000241e-08 4.019132000000000179e-08 6.504140999999999822e-08 6.422394999999999720e-08 6.239957000000000479e-08 5.848667999999999681e-08 5.159366000000000276e-08 4.384843999999999794e-08 3.655221000000000276e-08 3.010252999999999738e-08 2.458168999999999848e-08 1.993195999999999990e-08 1.603182999999999963e-08 1.273973000000000022e-08 9.930022999999999304e-09 7.513268000000000240e-09 5.433126999999999699e-09 3.650759000000000007e-09 2.131245000000000120e-09 8.369223999999999801e-10 -2.723074999999999926e-10 -1.231017999999999936e-09 -2.056260999999999999e-09 -2.744502000000000001e-09 -3.283918000000000157e-09 -3.670057999999999818e-09 1.266571999999999915e-09 1.260819000000000090e-09 1.242419999999999934e-09 1.193795000000000012e-09 1.100651999999999933e-09 9.959324000000000339e-10 8.997848999999999789e-10 8.179026000000000413e-10 7.509337999999999820e-10 6.973903000000000004e-10 6.550075999999999540e-10 6.215128000000000212e-10 5.950402000000000066e-10 5.742146999999999734e-10 5.580213000000000032e-10 5.456294999999999510e-10 5.362709999999999569e-10 5.292086999999999739e-10 5.238030000000000160e-10 5.196327000000000268e-10 5.165458000000000465e-10 5.145552000000000514e-10 5.136626999999999947e-10 5.137465000000000312e-10 3.025406000000000068e-10 3.001132999999999773e-10 2.942045999999999955e-10 2.806696999999999805e-10 2.560815000000000219e-10 2.284728000000000012e-10 2.027215000000000118e-10 1.802420000000000069e-10 1.612696000000000042e-10 1.455648999999999974e-10 1.327144000000000065e-10 1.222563000000000093e-10 1.137463000000000046e-10 1.068021999999999990e-10 1.011227999999999964e-10 9.648137000000000170e-11 9.270679000000000387e-11 8.966824999999999690e-11 8.725814000000000325e-11 8.537973000000000580e-11 8.395161000000000360e-11 8.291961999999999681e-11 8.225777000000000080e-11 8.195202000000000162e-11 1.461947999999999934e-10 1.447633999999999977e-10 1.413493999999999979e-10 1.336163000000000094e-10 1.196437000000000032e-10 1.039245999999999944e-10 8.918736000000000540e-11 7.621211000000000412e-11 6.513955999999999876e-11 5.586180999999999944e-11 4.817133999999999818e-11 4.182218000000000224e-11 3.656765000000000322e-11 3.218901999999999727e-11 2.851301999999999880e-11 2.541583000000000117e-11 2.281772000000000064e-11 2.066590999999999913e-11 1.890980000000000006e-11 1.749170000000000149e-11 1.635698999999999976e-11 1.546755000000000027e-11 1.480645000000000099e-11 1.436924999999999958e-11 5.579840000000000038e-10 5.509629999999999512e-10 5.357185000000000252e-10 5.035904999999999682e-10 4.474269999999999998e-10 3.842337000000000170e-10 3.243633000000000228e-10 2.709543999999999861e-10 2.247393000000000006e-10 1.854206000000000018e-10 1.522378000000000055e-10 1.242282999999999948e-10 1.003997999999999980e-10 7.988534999999999908e-11 6.204431000000000627e-11 4.647396000000000042e-11 3.293647000000000253e-11 2.123564999999999868e-11 1.114140999999999948e-11 2.396828999999999823e-12 -5.223521000000000114e-12 -1.184582999999999982e-11 -1.748005999999999974e-11 -2.208041999999999973e-11
8.149854999999999493e-07 8.126703999999999526e-07 8.062064000000000345e-07 7.913206999999999663e-07 7.655493000000000244e-07 6.885894000000000475e-07 6.113912000000000358e-07 5.377391000000000139e-07 4.709644000000000029e-07 4.119217000000000244e-07 3.601942999999999790e-07 3.148112000000000099e-07 2.747492000000000049e-07 2.392180999999999840e-07 2.076873000000000018e-07 1.797717999999999925e-07 1.551274999999999973e-07 1.334005999999999961e-07 1.142154999999999946e-07 9.717526999999999504e-08 8.188116000000000182e-08 6.800401999999999778e-08 5.538880000000000295e-08 4.408102000000000253e-08 5.303370999999999718e-08 5.302581000000000013e-08 5.270205000000000042e-08 5.159366000000000276e-08 4.874198999999999745e-08 4.331897000000000266e-08 3.704536999999999736e-08 3.103386000000000020e-08 2.564432000000000063e-08 2.095310000000000119e-08 1.691098999999999849e-08 1.343242000000000065e-08 1.044108999999999956e-08 7.880058000000000376e-09 5.704019999999999913e-09 3.870654999999999596e-09 2.336739000000000031e-09 1.057702999999999899e-09 -1.174135999999999956e-11 -9.155238000000000309e-10 -1.689463999999999906e-09 -2.351565000000000037e-09 -2.900121999999999924e-09 -3.324783999999999797e-09 1.097933999999999985e-09 1.103564000000000099e-09 1.107008000000000072e-09 1.100651999999999933e-09 1.068955000000000058e-09 9.986497999999999980e-10 9.163233000000000135e-10 8.391296999999999835e-10 7.721991000000000037e-10 7.162985999999999650e-10 6.704893000000000123e-10 6.334131999999999732e-10 6.037977000000000149e-10 5.805430999999999988e-10 5.626672000000000192e-10 5.492503000000000342e-10 5.394094000000000171e-10 5.322964000000000025e-10 5.271252000000000400e-10 5.232428000000000080e-10 5.202299999999999706e-10 5.179366000000000248e-10 5.163780000000000133e-10 5.155734999999999878e-10 2.591386999999999956e-10 2.596326000000000139e-10 2.592048000000000250e-10 2.560815000000000219e-10 2.465925999999999742e-10 2.275472999999999976e-10 2.054159000000000113e-10 1.843594000000000127e-10 1.657047000000000058e-10 1.497656999999999898e-10 1.364099999999999973e-10 1.253314000000000021e-10 1.161922999999999980e-10 1.086915999999999946e-10 1.025823000000000057e-10 9.765723000000000554e-11 9.373084000000000252e-11 9.063470000000000032e-11 8.822407000000000376e-11 8.637660999999999781e-11 8.498659000000000451e-11 8.396981000000000205e-11 8.327202999999999611e-11 8.286825000000000487e-11 1.217905000000000045e-10 1.219621000000000084e-10 1.215759999999999998e-10 1.196437000000000032e-10 1.140960999999999965e-10 1.031382000000000001e-10 9.038970999999999815e-11 7.820138999999999986e-11 6.733582999999999380e-11 5.798303000000000077e-11 5.007462999999999865e-11 4.343748000000000001e-11 3.787718000000000320e-11 3.322157999999999707e-11 2.933236000000000246e-11 2.609695999999999869e-11 2.342057000000000105e-11 2.122688999999999862e-11 1.945479000000000055e-11 1.804510000000000032e-11 1.693558999999999893e-11 1.607060999999999911e-11 1.541222999999999965e-11 1.494348000000000127e-11 4.611589999999999788e-10 4.605540000000000104e-10 4.572098999999999847e-10 4.474269999999999998e-10 4.235059000000000047e-10 3.787614000000000255e-10 3.269671000000000154e-10 2.770995999999999806e-10 2.321490999999999919e-10 1.928940000000000010e-10 1.590843000000000087e-10 1.300422000000000010e-10 1.050213999999999968e-10 8.339675999999999492e-11 6.469594999999999516e-11 4.855349000000000135e-11 3.467845999999999964e-11 2.282967999999999971e-11 1.276458999999999984e-11 4.210928000000000169e-12 -3.112100999999999807e-12 -9.440701999999999893e-12 -1.490854000000000061e-11 -1.953472999999999950e-11
6.968502000000000336e-07 6.986748999999999825e-07 6.997657999999999833e-07 6.977188999999999572e-07 6.885894000000000475e-07 6.699345000000000357e-07 6.067866000000000503e-07 5.421457999999999788e-07 4.794280000000000497e-07 4.215736000000000183e-07 3.693471000000000238e-07 3.225863000000000039e-07 2.809016000000000144e-07 2.439194000000000236e-07 2.112873999999999998e-07 1.826355999999999999e-07 1.575645999999999999e-07 1.356575999999999878e-07 1.164966000000000057e-07 9.966979999999999428e-08 8.477180999999999866e-08 7.141556999999999764e-08 5.929033999999999939e-08 4.824847999999999715e-08 4.298522999999999798e-08 4.334338999999999833e-08 4.371387999999999836e-08 4.384843999999999794e-08 4.331897000000000266e-08 4.127317000000000297e-08 3.694597000000000244e-08 3.176554000000000030e-08 2.668382000000000144e-08 2.201804999999999843e-08 1.786065000000000118e-08 1.421924000000000021e-08 1.107307000000000010e-08 8.389030999999999834e-09 6.125446999999999641e-09 4.234969999999999904e-09 2.668047999999999884e-09 1.375716999999999955e-09 3.109543000000000229e-10 -5.710274999999999702e-10 -1.311829000000000103e-09 -1.944640000000000018e-09 -2.485653000000000122e-09 -2.932784999999999815e-09 9.620089999999999605e-10 9.721732999999999809e-10 9.847986999999999485e-10 9.959324000000000339e-10 9.986497999999999980e-10 9.791303000000000015e-10 9.250637999999999794e-10 8.584580000000000355e-10 7.941077999999999820e-10 7.368684999999999975e-10 6.880948999999999582e-10 6.477256000000000406e-10 6.151330000000000512e-10 5.894485000000000041e-10 5.697018999999999929e-10 5.549004000000000414e-10 5.440819999999999623e-10 5.363455999999999558e-10 5.308626999999999974e-10 5.268946000000000470e-10 5.238468000000000196e-10 5.213496999999999704e-10 5.192860999999999693e-10 5.176947000000000486e-10 2.232933000000000038e-10 2.250648000000000012e-10 2.271019999999999877e-10 2.284728000000000012e-10 2.275472999999999976e-10 2.210432000000000055e-10 2.060077999999999914e-10 1.878517000000000018e-10 1.702217000000000068e-10 1.543563000000000070e-10 1.406038000000000072e-10 1.289311000000000026e-10 1.191681000000000023e-10 1.111117000000000036e-10 1.045581999999999937e-10 9.930700000000000407e-11 9.516160999999999643e-11 9.193224000000000006e-11 8.944533999999999700e-11 8.755442999999999572e-11 8.614001000000000506e-11 8.510256000000000003e-11 8.436532000000000144e-11 8.388075999999999810e-11 1.015397000000000004e-10 1.024097999999999993e-10 1.033769000000000031e-10 1.039245999999999944e-10 1.031382000000000001e-10 9.916959999999999377e-11 9.038148000000000355e-11 7.982894000000000578e-11 6.957771999999999607e-11 6.032166999999999938e-11 5.224666999999999754e-11 4.532374999999999820e-11 3.945120999999999745e-11 3.451473000000000231e-11 3.040402999999999965e-11 2.701298000000000028e-11 2.423805000000000051e-11 2.198272000000000107e-11 2.016649999999999894e-11 1.872521999999999965e-11 1.759990999999999907e-11 1.673159000000000020e-11 1.606895000000000051e-11 1.557784999999999910e-11 3.796456000000000213e-10 3.819758999999999941e-10 3.841638999999999973e-10 3.842337000000000170e-10 3.787614000000000255e-10 3.609306999999999787e-10 3.246917000000000173e-10 2.816166999999999877e-10 2.394838999999999861e-10 2.009256999999999972e-10 1.666565999999999981e-10 1.365922999999999999e-10 1.104035000000000055e-10 8.772964999999999545e-11 6.822158000000000545e-11 5.153206000000000206e-11 3.731466999999999937e-11 2.525097000000000100e-11 1.506582000000000012e-11 6.496450000000000253e-12 -7.314490999999999635e-13 -6.887150999999999963e-12 -1.219047000000000026e-11 -1.676435999999999865e-11
5.970955999999999935e-07 6.008213000000000068e-07 6.054877999999999646e-07 6.097572000000000359e-07 6.113912000000000358e-07 6.067866000000000503e-07 5.935798999999999536e-07 5.407539000000000337e-07 4.853082999999999703e-07 4.302075000000000226e-07 3.782735999999999946e-07 3.306813999999999901e-07 2.878383999999999816e-07 2.497615000000000226e-07 2.162353000000000066e-07 1.869053999999999870e-07 1.613468000000000111e-07 1.391128999999999910e-07 1.197638999999999942e-07 1.028817999999999968e-07 8.807222999999999666e-08 7.495819999999999950e-08 6.318390999999999631e-08 5.246750000000000312e-08 3.468577999999999972e-08 3.519067000000000127e-08 3.585742999999999950e-08 3.655221000000000276e-08 3.704536999999999736e-08 3.694597000000000244e-08 3.547989999999999863e-08 3.192396000000000233e-08 2.748486999999999920e-08 2.301297999999999925e-08 1.883910999999999948e-08 1.510159000000000017e-08 1.184354000000000065e-08 9.057445999999999537e-09 6.708828999999999974e-09 4.750514999999999906e-09 3.131249000000000009e-09 1.800549999999999950e-09 7.110058000000000140e-10 -1.813288999999999941e-10 -9.174619999999999695e-10 -1.534768999999999955e-09 -2.062687999999999815e-09 -2.515175999999999959e-09 8.546428000000000216e-10 8.660665000000000098e-10 8.818112999999999780e-10 8.997848999999999789e-10 9.163233000000000135e-10 9.250637999999999794e-10 9.134413000000000022e-10 8.699686000000000144e-10 8.135499000000000177e-10 7.576758000000000193e-10 7.073928999999999675e-10 6.645068000000000281e-10 6.292612000000000273e-10 6.011422000000000337e-10 5.792898000000000110e-10 5.627218999999999818e-10 5.504573999999999773e-10 5.415776999999999960e-10 5.352482999999999620e-10 5.307207999999999485e-10 5.273387999999999905e-10 5.245838999999999632e-10 5.221452999999999505e-10 5.199431000000000220e-10 1.941430999999999941e-10 1.963883000000000072e-10 1.994177999999999915e-10 2.027215000000000118e-10 2.054159000000000113e-10 2.060077999999999914e-10 2.015624999999999954e-10 1.893794999999999921e-10 1.740956999999999978e-10 1.589441999999999907e-10 1.451038999999999977e-10 1.329941999999999924e-10 1.226912000000000126e-10 1.141142000000000018e-10 1.071080000000000012e-10 1.014838000000000042e-10 9.704321000000000004e-11 9.359062999999999861e-11 9.094151999999999679e-11 8.893174999999999898e-11 8.742588000000000188e-11 8.631574000000000193e-11 8.551299000000000437e-11 8.495061000000000450e-11 8.495155000000000429e-11 8.608137999999999686e-11 8.758875999999999967e-11 8.918736000000000540e-11 9.038970999999999815e-11 9.038148000000000355e-11 8.753872000000000002e-11 8.036774999999999629e-11 7.147045999999999392e-11 6.265695999999999639e-11 5.457308999999999885e-11 4.744100000000000192e-11 4.129815999999999980e-11 3.610053999999999836e-11 3.176639000000000072e-11 2.819696999999999915e-11 2.528795999999999921e-11 2.293630000000000032e-11 2.104726999999999863e-11 1.954357000000000050e-11 1.836500999999999871e-11 1.745761999999999968e-11 1.676841000000000044e-11 1.625195999999999934e-11 3.117924000000000058e-10 3.153278999999999881e-10 3.198838000000000074e-10 3.243633000000000228e-10 3.269671000000000154e-10 3.246917000000000173e-10 3.114836000000000037e-10 2.817102999999999945e-10 2.451482000000000220e-10 2.085739999999999924e-10 1.744560000000000022e-10 1.437175000000000003e-10 1.166016000000000092e-10 9.303386000000000602e-11 7.277767999999999812e-11 5.551203999999999900e-11 4.087781000000000109e-11 2.851319999999999931e-11 1.809288000000000075e-11 9.344019999999999195e-12 2.016320000000000036e-12 -4.142794000000000250e-12 -9.378002999999999940e-12 -1.388625999999999944e-11
5.131942999999999859e-07 5.176519000000000429e-07 5.238161999999999680e-07 5.309325000000000196e-07 5.377391000000000139e-07 5.421457999999999788e-07 5.407539000000000337e-07 5.311423999999999479e-07 4.853241000000000041e-07 4.359550000000000150e-07 3.861001999999999807e-07 3.388281000000000137e-07 2.955689000000000256e-07 2.568269999999999743e-07 2.225999000000000026e-07 1.926195999999999919e-07 1.664945999999999879e-07 1.437888000000000071e-07 1.240659999999999941e-07 1.069119000000000059e-07 9.194211000000000563e-08 7.879669000000000120e-08 6.713504999999999473e-08 5.663736000000000179e-08 2.788650999999999948e-08 2.842821999999999884e-08 2.919141000000000146e-08 3.010252999999999738e-08 3.103386000000000020e-08 3.176554000000000030e-08 3.192396000000000233e-08 3.079374999999999740e-08 2.771551000000000080e-08 2.377715999999999981e-08 1.978207000000000053e-08 1.606102000000000044e-08 1.275047999999999917e-08 9.886619000000000433e-09 7.455092999999999456e-09 5.417967999999999834e-09 3.728178000000000027e-09 2.337136999999999929e-09 1.198379999999999950e-09 2.689365000000000256e-10 -4.904310999999999692e-10 -1.116127999999999933e-09 -1.641377000000000049e-09 -2.092054999999999968e-09 7.712465000000000209e-10 7.823647999999999534e-10 7.982994999999999687e-10 8.179026000000000413e-10 8.391296999999999835e-10 8.584580000000000355e-10 8.699686000000000144e-10 8.623951999999999586e-10 8.255336999999999820e-10 7.763874000000000439e-10 7.274180000000000414e-10 6.834257999999999914e-10 6.461064999999999753e-10 6.156354999999999675e-10 5.914729999999999488e-10 5.727822999999999691e-10 5.586436999999999865e-10 5.481620000000000143e-10 5.405145000000000157e-10 5.349621999999999582e-10 5.308486999999999807e-10 5.276024999999999883e-10 5.247765000000000438e-10 5.221122000000000491e-10 1.707024000000000050e-10 1.730198000000000015e-10 1.762984999999999884e-10 1.802420000000000069e-10 1.843594000000000127e-10 1.878517000000000018e-10 1.893794999999999921e-10 1.862947000000000091e-10 1.761083000000000008e-10 1.628941999999999874e-10 1.496069000000000079e-10 1.374034999999999898e-10 1.267370999999999996e-10 1.177106999999999904e-10 1.102532000000000060e-10 1.042125000000000033e-10 9.940477000000000114e-11 9.564063999999999989e-11 9.273829000000000267e-11 9.052909999999999399e-11 8.886513000000000547e-11 8.762571999999999672e-11 8.671542000000000453e-11 8.605683000000000339e-11 7.147486000000000065e-11 7.264192000000000396e-11 7.427517000000000450e-11 7.621211000000000412e-11 7.820138999999999986e-11 7.982894000000000578e-11 8.036774999999999629e-11 7.833472000000000006e-11 7.233158999999999755e-11 6.463039999999999893e-11 5.688118999999999706e-11 4.972358000000000248e-11 4.340696999999999755e-11 3.798981000000000289e-11 3.343665000000000132e-11 2.966830000000000032e-11 2.658844999999999905e-11 2.409713999999999965e-11 2.209779000000000050e-11 2.050323999999999978e-11 1.924332999999999935e-11 1.826426999999999968e-11 1.751842999999999970e-11 1.695885999999999990e-11 2.556499000000000107e-10 2.594826000000000196e-10 2.647752999999999904e-10 2.709543999999999861e-10 2.770995999999999806e-10 2.816166999999999877e-10 2.817102999999999945e-10 2.717696999999999906e-10 2.464857000000000187e-10 2.144144999999999992e-10 1.818068000000000044e-10 1.511802000000000008e-10 1.235929000000000034e-10 9.936427999999999552e-11 7.843441999999999972e-11 6.055636000000000108e-11 4.540114999999999785e-11 3.261400999999999908e-11 2.184855999999999995e-11 1.280110000000000045e-11 5.222765999999999679e-12 -1.112125999999999941e-12 -6.429407999999999820e-12 -1.094730999999999973e-11
4.427619999999999780e-07 4.473390999999999985e-07 4.539074000000000110e-07 4.620320000000000175e-07 4.709644000000000029e-07 4.794280000000000497e-07 4.853082999999999703e-07 4.853241000000000041e-07 4.772832999999999497e-07 4.361446999999999892e-07 3.915104000000000115e-07 3.464420000000000260e-07 3.038408999999999821e-07 2.649973000000000035e-07 2.303141999999999912e-07 1.997363000000000122e-07 1.729837999999999982e-07 1.496810999999999942e-07 1.294245999999999875e-07 1.118185999999999952e-07 9.648883000000000335e-08 8.309060000000000422e-08 7.130230999999999839e-08 6.081713000000000296e-08 2.234845000000000051e-08 2.287258000000000085e-08 2.363143999999999962e-08 2.458168999999999848e-08 2.564432000000000063e-08 2.668382000000000144e-08 2.748486999999999920e-08 2.771551000000000080e-08 2.675947999999999908e-08 2.404620999999999983e-08 2.056242000000000063e-08 1.703610999999999981e-08 1.376272000000000063e-08 1.085969999999999963e-08 8.354947000000000679e-09 6.232777999999999836e-09 4.457925000000000196e-09 2.987905999999999835e-09 1.779296999999999920e-09 7.909805000000000480e-10 -1.495235000000000020e-11 -6.732267999999999731e-10 -1.216003000000000066e-09 -1.672576999999999900e-09 7.075307999999999821e-10 7.176192000000000028e-10 7.323231999999999967e-10 7.509337999999999820e-10 7.721991000000000037e-10 7.941077999999999820e-10 8.135499000000000177e-10 8.255336999999999820e-10 8.203093000000000181e-10 7.887767000000000230e-10 7.461042000000000342e-10 7.034758000000000410e-10 6.651789999999999629e-10 6.326992999999999805e-10 6.061663999999999759e-10 5.850859999999999584e-10 5.687108999999999701e-10 5.562296000000000290e-10 5.468555000000000251e-10 5.398691000000000419e-10 5.346264999999999632e-10 5.305554999999999883e-10 5.271579999999999491e-10 5.240469000000000094e-10 1.520320999999999883e-10 1.542119999999999944e-10 1.573493999999999943e-10 1.612696000000000042e-10 1.657047000000000058e-10 1.702217000000000068e-10 1.740956999999999978e-10 1.761083000000000008e-10 1.738749000000000010e-10 1.651448999999999960e-10 1.535871999999999957e-10 1.419111999999999990e-10 1.311941000000000030e-10 1.218531000000000039e-10 1.139764000000000062e-10 1.074925000000000039e-10 1.022587000000000033e-10 9.810692000000000339e-11 9.486653999999999736e-11 9.237487999999999948e-11 9.048183999999999647e-11 8.905598999999999927e-11 8.799055999999999822e-11 8.720174000000000280e-11 6.058406999999999632e-11 6.166451999999999542e-11 6.320892999999999691e-11 6.513955999999999876e-11 6.733582999999999380e-11 6.957771999999999607e-11 7.147045999999999392e-11 7.233158999999999755e-11 7.081223999999999958e-11 6.564468999999999864e-11 5.887984999999999856e-11 5.203818999999999760e-11 4.572088000000000218e-11 4.016080000000000311e-11 3.540930999999999950e-11 3.143067000000000061e-11 2.815016999999999899e-11 2.547918999999999980e-11 2.332703999999999912e-11 2.160672000000000025e-11 2.024026000000000084e-11 1.916545000000000049e-11 1.833488999999999843e-11 1.770658999999999877e-11 2.093072999999999913e-10 2.129429999999999904e-10 2.181730000000000075e-10 2.247393000000000006e-10 2.321490999999999919e-10 2.394838999999999861e-10 2.451482000000000220e-10 2.464857000000000187e-10 2.384141000000000215e-10 2.161918999999999904e-10 1.876169999999999943e-10 1.584866999999999951e-10 1.311685999999999910e-10 1.066376999999999967e-10 8.516391999999999443e-11 6.666761999999999699e-11 5.090551000000000126e-11 3.756833999999999742e-11 2.633056000000000125e-11 1.687935999999999968e-11 8.942402999999999656e-12 2.298937999999999953e-12 -3.250550999999999889e-12 -7.908157000000000793e-12
3.836840000000000097e-07 3.880642999999999765e-07 3.944593999999999938e-07 4.025867999999999929e-07 4.119217000000000244e-07 4.215736000000000183e-07 4.302075000000000226e-07 4.359550000000000150e-07 4.361446999999999892e-07 4.291419999999999923e-07 3.922640999999999900e-07 3.523094000000000035e-07 3.119921000000000240e-07 2.738966999999999779e-07 2.391594000000000259e-07 2.081272000000000056e-07 1.807446999999999919e-07 1.567614999999999972e-07 1.358447000000000067e-07 1.176354000000000026e-07 1.017825000000000050e-07 8.795412000000000646e-08 7.584176000000000136e-08 6.515856999999999661e-08 1.785886999999999956e-08 1.833906999999999879e-08 1.904104000000000107e-08 1.993195999999999990e-08 2.095310000000000119e-08 2.201804999999999843e-08 2.301297999999999925e-08 2.377715999999999981e-08 2.404620999999999983e-08 2.327610000000000154e-08 2.093495999999999902e-08 1.789576999999999971e-08 1.480846000000000037e-08 1.193685999999999966e-08 9.386649999999999220e-09 7.184026000000000024e-09 5.316353000000000284e-09 3.753282999999999807e-09 2.457991000000000017e-09 1.392601999999999944e-09 5.209847999999999730e-10 -1.901782000000000040e-10 -7.714114999999999887e-10 -1.251136999999999957e-09 6.597227000000000053e-10 6.684410999999999573e-10 6.811745999999999527e-10 6.973903000000000004e-10 7.162985999999999650e-10 7.368684999999999975e-10 7.576758000000000193e-10 7.763874000000000439e-10 7.887767000000000230e-10 7.859882999999999668e-10 7.594427000000000497e-10 7.225632000000000221e-10 6.853826999999999973e-10 6.517753000000000499e-10 6.231130999999999873e-10 5.995528000000000268e-10 5.806885999999999545e-10 5.658821999999999921e-10 5.544330999999999721e-10 5.456592000000000093e-10 5.389343000000000463e-10 5.336958000000000338e-10 5.294422999999999926e-10 5.257353999999999669e-10 1.372834999999999944e-10 1.392042999999999956e-10 1.419959000000000121e-10 1.455648999999999974e-10 1.497656999999999898e-10 1.543563000000000070e-10 1.589441999999999907e-10 1.628941999999999874e-10 1.651448999999999960e-10 1.635666999999999921e-10 1.560979999999999918e-10 1.460288999999999971e-10 1.358076000000000047e-10 1.264089999999999974e-10 1.182109000000000007e-10 1.112952000000000010e-10 1.056007999999999989e-10 1.010028999999999940e-10 9.735392999999999895e-11 9.450341999999999356e-11 9.230758999999999401e-11 9.063320000000000038e-11 8.936361999999999803e-11 8.840453000000000398e-11 5.179761000000000147e-11 5.272394999999999891e-11 5.408742000000000098e-11 5.586180999999999944e-11 5.798303000000000077e-11 6.032166999999999938e-11 6.265695999999999639e-11 6.463039999999999893e-11 6.564468999999999864e-11 6.450048999999999550e-11 6.004398999999999647e-11 5.411983000000000165e-11 4.810525000000000043e-11 4.254544000000000213e-11 3.765170999999999891e-11 3.347136999999999776e-11 2.997348999999999934e-11 2.709231999999999860e-11 2.474946999999999955e-11 2.286465000000000153e-11 2.136076999999999967e-11 2.016844000000000085e-11 1.923245999999999942e-11 1.851129000000000078e-11 1.710158000000000000e-10 1.742546999999999918e-10 1.790996000000000088e-10 1.854206000000000018e-10 1.928940000000000010e-10 2.009256999999999972e-10 2.085739999999999924e-10 2.144144999999999992e-10 2.161918999999999904e-10 2.094590999999999907e-10 1.899364000000000080e-10 1.646405999999999970e-10 1.388117999999999890e-10 1.145825999999999952e-10 9.282561000000000315e-11 7.378034999999999793e-11 5.737448999999999860e-11 4.339175000000000037e-11 3.155860999999999774e-11 2.158628000000000120e-11 1.319752000000000009e-11 6.151430999999999944e-12 2.519831999999999819e-13 -4.677522000000000392e-12
3.341359000000000029e-07 3.381561999999999850e-07 3.440473000000000132e-07 3.515479999999999925e-07 3.601942999999999790e-07 3.693471000000000238e-07 3.782735999999999946e-07 3.861001999999999807e-07 3.915104000000000115e-07 3.922640999999999900e-07 3.868492000000000095e-07 3.542342999999999971e-07 3.187534000000000172e-07 2.827975000000000016e-07 2.487143999999999815e-07 2.175515999999999931e-07 1.896460999999999951e-07 1.649687999999999889e-07 1.433097000000000011e-07 1.243813000000000101e-07 1.078699999999999991e-07 9.346463000000000463e-08 8.087101000000000651e-08 6.981670000000000604e-08 1.423376999999999975e-08 1.465488999999999922e-08 1.526533000000000068e-08 1.603182999999999963e-08 1.691098999999999849e-08 1.786065000000000118e-08 1.883910999999999948e-08 1.978207000000000053e-08 2.056242000000000063e-08 2.093495999999999902e-08 2.038411000000000107e-08 1.839759999999999859e-08 1.575456999999999970e-08 1.304461999999999998e-08 1.051019000000000049e-08 8.250958000000000409e-09 6.294087999999999907e-09 4.631080999999999592e-09 3.236779000000000161e-09 2.079501000000000014e-09 1.126314999999999951e-09 3.456436000000000181e-10 -2.918232999999999987e-10 -8.130875999999999913e-10 6.245450000000000389e-10 6.316596000000000466e-10 6.419452999999999918e-10 6.550075999999999540e-10 6.704893000000000123e-10 6.880948999999999582e-10 7.073928999999999675e-10 7.274180000000000414e-10 7.461042000000000342e-10 7.594427000000000497e-10 7.590735000000000258e-10 7.368025999999999802e-10 7.046604999999999780e-10 6.717904999999999664e-10 6.417835000000000100e-10 6.159618999999999965e-10 5.945342000000000085e-10 5.771860000000000167e-10 5.633815999999999646e-10 5.525188000000000008e-10 5.440044999999999695e-10 5.372901000000000449e-10 5.318794999999999726e-10 5.273250999999999661e-10 1.256953999999999969e-10 1.272913000000000079e-10 1.296469000000000065e-10 1.327144000000000065e-10 1.364099999999999973e-10 1.406038000000000072e-10 1.451038999999999977e-10 1.496069000000000079e-10 1.535871999999999957e-10 1.560979999999999918e-10 1.551707999999999890e-10 1.488529000000000020e-10 1.400940000000000127e-10 1.311182000000000033e-10 1.228198000000000095e-10 1.155538999999999937e-10 1.094056000000000063e-10 1.043291000000000006e-10 1.002187000000000031e-10 9.694618000000000364e-11 9.437942999999999541e-11 9.239117999999999972e-11 9.086314000000000010e-11 8.969117000000000586e-11 4.468854000000000014e-11 4.545019000000000184e-11 4.661488999999999990e-11 4.817133999999999818e-11 5.007462999999999865e-11 5.224666999999999754e-11 5.457308999999999885e-11 5.688118999999999706e-11 5.887984999999999856e-11 6.004398999999999647e-11 5.927071000000000201e-11 5.547042999999999955e-11 5.029814000000000241e-11 4.500542000000000070e-11 4.009217999999999891e-11 3.575623000000000263e-11 3.204605000000000278e-11 2.893814000000000133e-11 2.637654999999999912e-11 2.429315000000000014e-11 2.261712000000000006e-11 2.127994000000000071e-11 2.021993999999999997e-11 1.938793000000000097e-11 1.392993000000000093e-10 1.421583000000000043e-10 1.465082999999999944e-10 1.522378000000000055e-10 1.590843000000000087e-10 1.666565999999999981e-10 1.744560000000000022e-10 1.818068000000000044e-10 1.876169999999999943e-10 1.899364000000000080e-10 1.846750000000000111e-10 1.677756000000000074e-10 1.455188999999999906e-10 1.226530999999999908e-10 1.011244000000000024e-10 8.174188999999999916e-11 6.474088999999999759e-11 5.007282000000000070e-11 3.755496000000000258e-11 2.695034999999999976e-11 1.800564000000000122e-11 1.047434999999999929e-11 4.142675000000000218e-12 -1.162037000000000050e-12
