1.540544000000000060e-06 1.283928000000000034e-06 1.061392999999999928e-06 8.718907000000000055e-07 7.153100999999999566e-07 5.876810000000000066e-07 4.842755000000000274e-07 4.007166999999999978e-07 3.332763000000000023e-07 2.788886999999999739e-07 2.350710999999999932e-07 1.998064000000000044e-07 1.713689000000000119e-07 1.480829999999999900e-07 1.281777999999999872e-07 1.099704999999999986e-07 9.229346000000000567e-08 7.480721999999999347e-08 5.797139999999999856e-08 4.263458999999999928e-08 2.950624999999999993e-08 1.887385999999999918e-08 1.063497999999999919e-08 4.472231000000000291e-09 1.027069000000000023e-07 8.562423000000000015e-08 6.799964000000000446e-08 5.291276000000000165e-08 4.063038000000000254e-08 3.085656000000000165e-08 2.317650999999999900e-08 1.719410000000000042e-08 1.256986999999999932e-08 9.025349000000000159e-09 6.334891000000000143e-09 4.309810000000000030e-09 2.775789999999999986e-09 1.557964000000000101e-09 4.965011999999999605e-10 -5.157557999999999903e-10 -1.507934999999999922e-09 -2.437351999999999877e-09 -3.229150000000000166e-09 -3.825277999999999619e-09 -4.208963999999999942e-09 -4.398795000000000215e-09 -4.431026000000000121e-09 -4.345462000000000229e-09 1.576064000000000070e-09 1.340627999999999933e-09 1.100832000000000030e-09 9.001205999999999739e-10 7.413157999999999848e-10 6.192878999999999910e-10 5.274382999999999652e-10 4.596288000000000248e-10 4.106694000000000046e-10 3.763205999999999836e-10 3.530969999999999750e-10 3.379949999999999790e-10 3.282950000000000021e-10 3.216140000000000228e-10 3.161830000000000134e-10 3.111054999999999862e-10 3.063624000000000049e-10 3.024866000000000088e-10 3.000779000000000149e-10 2.994452000000000053e-10 3.005148999999999897e-10 3.029323000000000169e-10 3.062218999999999887e-10 3.099131000000000245e-10 3.381445000000000207e-10 2.863314999999999950e-10 2.331797000000000235e-10 1.880963000000000115e-10 1.517413000000000114e-10 1.230974999999999981e-10 1.008352000000000056e-10 8.371359999999999824e-11 7.067502999999999557e-11 6.083279999999999904e-11 5.343950000000000065e-11 4.788377999999999814e-11 4.368300999999999725e-11 4.045336000000000081e-11 3.788858999999999820e-11 3.575422999999999840e-11 3.390368999999999808e-11 3.229882999999999759e-11 3.099227999999999888e-11 3.006543999999999715e-11 2.956555999999999706e-11 2.948004000000000168e-11 2.974828000000000297e-11 3.028764000000000078e-11 3.730707999999999810e-10 3.132011000000000032e-10 2.515358999999999771e-10 1.988256999999999993e-10 1.558640000000000007e-10 1.215495000000000051e-10 9.441919000000000614e-11 7.309855999999999423e-11 5.640111000000000139e-11 4.331848999999999953e-11 3.302733999999999728e-11 2.490379999999999896e-11 1.848029999999999912e-11 1.337519000000000049e-11 9.224288000000000125e-12 5.674439000000000031e-12 2.462472999999999821e-12 -5.105191000000000153e-13 -3.186027999999999962e-12 -5.433413999999999854e-12 -7.149628000000000158e-12 -8.308915999999999409e-12 -8.956667000000000735e-12 -9.176932999999999465e-12 5.554810000000000384e-10 4.668994000000000266e-10 3.755056000000000231e-10 2.970866000000000068e-10 2.328905000000000138e-10 1.813879999999999893e-10 1.404851000000000126e-10 1.081848000000000000e-10 8.274155999999999908e-11 6.268736999999999929e-11 4.686770999999999841e-11 3.441028000000000067e-11 2.463331000000000099e-11 1.693279000000000140e-11 1.068642000000000042e-11 5.296497999999999955e-12 3.335550999999999930e-13 -4.360862999999999772e-12 -8.694175000000000766e-12 -1.245022999999999995e-11 -1.543931999999999888e-11 -1.758560999999999983e-11 -1.892966000000000034e-11 -1.958536999999999978e-11
1.283928000000000034e-06 1.223260999999999984e-06 1.037411000000000104e-06 8.672699000000000175e-07 7.188688999999999580e-07 5.943536000000000077e-07 4.917682000000000505e-07 4.080065000000000212e-07 3.399410999999999787e-07 2.847915999999999784e-07 2.401931000000000043e-07 2.041109999999999938e-07 1.746692999999999903e-07 1.500473999999999887e-07 1.286304999999999950e-07 1.092701000000000038e-07 9.131988999999999783e-08 7.447314999999999609e-08 5.868860000000000183e-08 4.422108999999999830e-08 3.150338000000000294e-08 2.087571000000000132e-08 1.241351000000000049e-08 5.946738999999999765e-09 8.562423000000000015e-08 7.872221000000000251e-08 6.605806999999999748e-08 5.276441999999999676e-08 4.117524999999999675e-08 3.162748999999999994e-08 2.397267999999999957e-08 1.793250999999999849e-08 1.322119000000000075e-08 9.583253000000000097e-09 6.797275000000000394e-09 4.663781000000000110e-09 2.996203000000000184e-09 1.633892999999999954e-09 4.652245000000000099e-10 -5.711721999999999811e-10 -1.504669999999999934e-09 -2.341538999999999849e-09 -3.062134000000000088e-09 -3.631846999999999897e-09 -4.026196000000000393e-09 -4.245696000000000307e-09 -4.312447000000000215e-09 -4.258631000000000118e-09 1.340627999999999933e-09 1.249743999999999898e-09 1.079836000000000034e-09 9.033502999999999799e-10 7.531461999999999567e-10 6.332849999999999488e-10 5.409569000000000058e-10 4.716610000000000114e-10 4.209157000000000047e-10 3.847277000000000155e-10 3.595998000000000180e-10 3.424546999999999900e-10 3.306919999999999888e-10 3.223323000000000223e-10 3.160484999999999969e-10 3.110527999999999890e-10 3.069834999999999874e-10 3.038376999999999981e-10 3.018361000000000120e-10 3.011987000000000034e-10 3.019608999999999865e-10 3.039321000000000014e-10 3.067646999999999819e-10 3.100569000000000070e-10 2.863314999999999950e-10 2.658383000000000104e-10 2.278158000000000003e-10 1.880424999999999997e-10 1.536659999999999892e-10 1.256205000000000058e-10 1.033771000000000022e-10 8.603619000000000521e-11 7.267783999999999519e-11 6.246933999999999885e-11 5.471078000000000207e-11 4.883788000000000031e-11 4.437819000000000157e-11 4.092399000000000201e-11 3.816112000000000088e-11 3.589765999999999994e-11 3.403364999999999807e-11 3.251529000000000291e-11 3.132254000000000075e-11 3.046775999999999861e-11 2.997339999999999909e-11 2.984099999999999937e-11 3.003691000000000030e-11 3.049977000000000101e-11 3.132011000000000032e-10 2.891910000000000201e-10 2.448285000000000092e-10 1.982448999999999903e-10 1.576250999999999916e-10 1.240726999999999990e-10 9.703063999999999457e-11 7.550467999999999811e-11 5.846370999999999384e-11 4.499664999999999810e-11 3.437554999999999846e-11 2.601396000000000076e-11 1.938903999999999874e-11 1.402968999999999936e-11 9.572018999999999666e-12 5.778377999999999918e-12 2.495841000000000169e-12 -3.751382999999999829e-13 -2.876057999999999820e-12 -4.985429999999999690e-12 -6.649299999999999950e-12 -7.832242000000000505e-12 -8.546175999999999955e-12 -8.846286999999999341e-12 4.668994000000000266e-10 4.311359000000000084e-10 3.652017999999999951e-10 2.959054999999999766e-10 2.352731000000000113e-10 1.849787999999999961e-10 1.442579000000000039e-10 1.116769999999999960e-10 8.575170000000000023e-11 6.519899000000000348e-11 4.897981000000000190e-11 3.621143000000000174e-11 2.609427999999999935e-11 1.792751999999999953e-11 1.115522000000000020e-11 5.366941999999999690e-12 2.820840999999999895e-13 -4.262206000000000388e-12 -8.315596999999999711e-12 -1.182778000000000072e-11 -1.469862999999999914e-11 -1.685106999999999920e-11 -1.828006999999999887e-11 -1.905260999999999913e-11
1.061392999999999928e-06 1.037411000000000104e-06 9.921859000000001018e-07 8.528158000000000469e-07 7.204747999999999870e-07 6.025225999999999798e-07 5.021000000000000293e-07 4.185066000000000081e-07 3.497455999999999922e-07 2.935630000000000195e-07 2.477833000000000189e-07 2.103316000000000118e-07 1.792185999999999899e-07 1.527058999999999989e-07 1.295509999999999932e-07 1.090371999999999965e-07 9.076300000000000349e-08 7.440171000000000032e-08 5.961884000000000130e-08 4.618528000000000287e-08 3.412491000000000060e-08 2.366205999999999966e-08 1.499797000000000006e-08 8.150681999999999213e-09 6.799964000000000446e-08 6.605806999999999748e-08 6.114618999999999810e-08 5.178219999999999764e-08 4.163871000000000003e-08 3.261644000000000033e-08 2.508839000000000129e-08 1.900530000000000012e-08 1.418384999999999998e-08 1.041035999999999919e-08 7.471128999999999296e-09 5.161403999999999602e-09 3.304089000000000004e-09 1.773217999999999987e-09 4.953856999999999554e-10 -5.720520999999999503e-10 -1.464064999999999948e-09 -2.215798999999999826e-09 -2.852585999999999935e-09 -3.376318999999999867e-09 -3.770515000000000395e-09 -4.021626999999999765e-09 -4.133149000000000034e-09 -4.124324999999999610e-09 1.100832000000000030e-09 1.079836000000000034e-09 1.019081000000000071e-09 8.971588999999999923e-10 7.658637000000000216e-10 6.519622999999999997e-10 5.601863999999999961e-10 4.892591000000000481e-10 4.360664999999999954e-10 3.971172999999999869e-10 3.690566000000000178e-10 3.489501999999999806e-10 3.345051999999999855e-10 3.241206999999999786e-10 3.167294000000000168e-10 3.115610999999999965e-10 3.079956000000000154e-10 3.055762000000000227e-10 3.040886999999999800e-10 3.035366000000000207e-10 3.039852000000000227e-10 3.054052000000000033e-10 3.076179000000000219e-10 3.103373000000000032e-10 2.331797000000000235e-10 2.278158000000000003e-10 2.135111000000000094e-10 1.856390000000000090e-10 1.554970000000000060e-10 1.289148000000000024e-10 1.069586000000000043e-10 8.939907999999999513e-11 7.560472000000000018e-11 6.488936000000000049e-11 5.663608000000000317e-11 5.030743000000000145e-11 4.543548000000000180e-11 4.163536000000000123e-11 3.862400000000000021e-11 3.622204999999999953e-11 3.432791000000000130e-11 3.286997000000000075e-11 3.178066999999999811e-11 3.100894000000000014e-11 3.053480000000000192e-11 3.035641000000000111e-11 3.046343999999999929e-11 3.082269999999999790e-11 2.515358999999999771e-10 2.448285000000000092e-10 2.276693999999999903e-10 1.947540000000000080e-10 1.590706999999999902e-10 1.272968000000000034e-10 1.006709999999999954e-10 7.895635999999999699e-11 6.147951999999999813e-11 4.753166999999999754e-11 3.646989999999999831e-11 2.770208000000000064e-11 2.067990999999999968e-11 1.493557000000000075e-11 1.013561000000000067e-11 6.095109999999999865e-12 2.714735000000000145e-12 -9.731368999999999588e-14 -2.441480999999999985e-12 -4.392087999999999773e-12 -5.970041999999999817e-12 -7.158669000000000059e-12 -7.945597999999999239e-12 -8.350092000000000363e-12 3.755056000000000231e-10 3.652017999999999951e-10 3.394178000000000250e-10 2.903087999999999829e-10 2.370746999999999878e-10 1.895175999999999929e-10 1.494852999999999935e-10 1.166844999999999914e-10 9.019798999999999905e-11 6.902619999999999682e-11 5.221386999999999792e-11 3.885921999999999767e-11 2.812968000000000015e-11 1.932380000000000052e-11 1.195046000000000036e-11 5.725836000000000281e-12 4.692820999999999962e-13 -3.980713999999999794e-12 -7.773612000000000380e-12 -1.100788999999999946e-11 -1.370332999999999993e-11 -1.582468999999999969e-11 -1.733890999999999927e-11 -1.825902999999999919e-11
8.718907000000000055e-07 8.672699000000000175e-07 8.528158000000000469e-07 8.217629000000000058e-07 7.143620000000000012e-07 6.092925999999999802e-07 5.138431000000000228e-07 4.315210000000000165e-07 3.623535000000000028e-07 3.049977000000000127e-07 2.575983999999999967e-07 2.181452000000000097e-07 1.847899000000000101e-07 1.561406999999999921e-07 1.313211000000000072e-07 1.097948000000000006e-07 9.115433999999999937e-08 7.499377999999999908e-08 6.086513000000000445e-08 4.831681999999999735e-08 3.703143000000000061e-08 2.695461000000000025e-08 1.823792999999999846e-08 1.103567999999999926e-08 5.291276000000000165e-08 5.276441999999999676e-08 5.178219999999999764e-08 4.846584999999999720e-08 4.144294000000000330e-08 3.355186000000000329e-08 2.639575999999999985e-08 2.035275999999999993e-08 1.542717000000000102e-08 1.148111000000000069e-08 8.327768000000000684e-09 5.784733999999999765e-09 3.710928999999999811e-09 2.014455000000000154e-09 6.359698999999999961e-10 -4.711129000000000348e-10 -1.351905999999999902e-09 -2.053701999999999863e-09 -2.622499000000000086e-09 -3.090884999999999920e-09 -3.466660000000000104e-09 -3.738467000000000094e-09 -3.895278000000000412e-09 -3.939881999999999651e-09 9.001205999999999739e-10 9.033502999999999799e-10 8.971588999999999923e-10 8.596801000000000038e-10 7.711187999999999490e-10 6.714894999999999692e-10 5.833629000000000349e-10 5.115894000000000035e-10 4.556511999999999930e-10 4.131463000000000253e-10 3.812779000000000033e-10 3.575672000000000244e-10 3.401140999999999908e-10 3.275453000000000228e-10 3.188311000000000138e-10 3.131134999999999962e-10 3.096080999999999930e-10 3.076033000000000207e-10 3.065509000000000193e-10 3.061634999999999840e-10 3.063913999999999952e-10 3.072742000000000100e-10 3.087927999999999886e-10 3.108101000000000163e-10 1.880963000000000115e-10 1.880424999999999997e-10 1.856390000000000090e-10 1.762066000000000065e-10 1.554732999999999991e-10 1.321669999999999945e-10 1.111874000000000042e-10 9.360255000000000368e-11 7.936576000000000129e-11 6.806875000000000599e-11 5.920970000000000286e-11 5.229245999999999951e-11 4.688548999999999998e-11 4.265374000000000319e-11 3.935175999999999993e-11 3.679588999999999741e-11 3.484658999999999723e-11 3.339838999999999700e-11 3.236045999999999922e-11 3.164867000000000311e-11 3.120139000000000060e-11 3.099133999999999909e-11 3.101270999999999862e-11 3.125573000000000095e-11 1.988256999999999993e-10 1.982448999999999903e-10 1.947540000000000080e-10 1.830407999999999921e-10 1.582102000000000013e-10 1.302894999999999925e-10 1.048794999999999996e-10 8.323665000000000641e-11 6.538267999999999419e-11 5.091671999999999713e-11 3.929392000000000186e-11 2.994333999999999790e-11 2.235275999999999936e-11 1.612345999999999883e-11 1.097354999999999942e-11 6.713722000000000137e-12 3.221580000000000092e-12 3.986945000000000133e-13 -1.867382000000000009e-12 -3.696181999999999648e-12 -5.176125000000000020e-12 -6.340332000000000251e-12 -7.182655999999999722e-12 -7.695843999999999938e-12 2.970866000000000068e-10 2.959054999999999766e-10 2.903087999999999829e-10 2.725461999999999826e-10 2.353764999999999885e-10 1.936116999999999902e-10 1.554859999999999892e-10 1.229146000000000110e-10 9.598919999999999977e-11 7.412926000000000598e-11 5.651789999999999851e-11 4.229967000000000206e-11 3.070685000000000057e-11 2.113676000000000131e-11 1.316859000000000013e-11 6.537988999999999921e-12 1.073067000000000076e-12 -3.389282999999999988e-12 -7.035738000000000126e-12 -1.004782000000000030e-11 -1.255236000000000004e-11 -1.459419000000000004e-11 -1.615840999999999880e-11 -1.722354000000000115e-11
7.153100999999999566e-07 7.188688999999999580e-07 7.204747999999999870e-07 7.143620000000000012e-07 6.942354999999999831e-07 6.094863999999999512e-07 5.243885999999999500e-07 4.457543000000000120e-07 3.770797000000000093e-07 3.186190999999999946e-07 2.692054999999999948e-07 2.272648999999999984e-07 1.914173000000000024e-07 1.606773000000000064e-07 1.343569999999999901e-07 1.119039000000000019e-07 9.280558000000000245e-08 7.656043999999999996e-08 6.266985999999999973e-08 5.063645000000000209e-08 3.999811999999999712e-08 3.043772000000000106e-08 2.188879000000000088e-08 1.448317999999999920e-08 4.063038000000000254e-08 4.117524999999999675e-08 4.163871000000000003e-08 4.144294000000000330e-08 3.928429000000000270e-08 3.392008000000000101e-08 2.765170999999999860e-08 2.185590999999999841e-08 1.688334999999999878e-08 1.274704999999999932e-08 9.339594999999999531e-09 6.539619000000000307e-09 4.250427999999999956e-09 2.398294999999999937e-09 9.206104000000000121e-10 -2.408544999999999875e-10 -1.141722999999999987e-09 -1.835182000000000084e-09 -2.371952000000000083e-09 -2.797682999999999923e-09 -3.143529999999999794e-09 -3.416992000000000022e-09 -3.607838999999999911e-09 -3.705369999999999996e-09 7.413157999999999848e-10 7.531461999999999567e-10 7.658637000000000216e-10 7.711187999999999490e-10 7.499577999999999845e-10 6.844668999999999579e-10 6.070306000000000069e-10 5.369466999999999735e-10 4.787481000000000417e-10 4.323566999999999758e-10 3.962234999999999811e-10 3.686119999999999985e-10 3.479972000000000254e-10 3.330941999999999787e-10 3.227907999999999748e-10 3.160951999999999943e-10 3.121072000000000076e-10 3.100079000000000002e-10 3.090859999999999809e-10 3.088152999999999748e-10 3.089289999999999782e-10 3.093895999999999797e-10 3.102491999999999919e-10 3.115144999999999793e-10 1.517413000000000114e-10 1.536659999999999892e-10 1.554970000000000060e-10 1.554732999999999991e-10 1.495340000000000081e-10 1.337972000000000051e-10 1.153124000000000029e-10 9.829448000000000507e-11 8.381143999999999694e-11 7.194305999999999496e-11 6.239927999999999703e-11 5.479637999999999839e-11 4.878216999999999751e-11 4.407165999999999802e-11 4.043558999999999855e-11 3.767814999999999773e-11 3.562527999999999984e-11 3.412998999999999683e-11 3.307752999999999951e-11 3.237312999999999779e-11 3.193445000000000313e-11 3.170380000000000068e-11 3.165667000000000066e-11 3.178958999999999682e-11 1.558640000000000007e-10 1.576250999999999916e-10 1.590706999999999902e-10 1.582102000000000013e-10 1.504230999999999890e-10 1.312516000000000051e-10 1.088142999999999977e-10 8.798058000000000153e-11 7.002414999999999905e-11 5.506610000000000101e-11 4.277793000000000047e-11 3.271089999999999868e-11 2.445590999999999974e-11 1.769242000000000026e-11 1.217208000000000037e-11 7.688353000000000571e-12 4.067210000000000398e-12 1.173028999999999929e-12 -1.108887999999999990e-12 -2.897978000000000195e-12 -4.312056999999999990e-12 -5.436005000000000322e-12 -6.301966000000000170e-12 -6.903956999999999882e-12 2.328905000000000138e-10 2.352731000000000113e-10 2.370746999999999878e-10 2.353764999999999885e-10 2.234216999999999886e-10 1.946319999999999954e-10 1.610446999999999929e-10 1.298314000000000124e-10 1.028711999999999973e-10 8.034468000000000415e-11 6.177019999999999624e-11 4.648636999999999754e-11 3.388420999999999744e-11 2.348509000000000045e-11 1.492352000000000142e-11 7.907325000000000337e-12 2.203465999999999812e-12 -2.378782999999999801e-12 -6.027897999999999848e-12 -8.943846999999999584e-12 -1.131010000000000045e-11 -1.325189999999999930e-11 -1.481504999999999916e-11 -1.598669999999999932e-11
5.876810000000000066e-07 5.943536000000000077e-07 6.025225999999999798e-07 6.092925999999999802e-07 6.094863999999999512e-07 5.973963000000000142e-07 5.290976999999999614e-07 4.588046000000000160e-07 3.925832999999999920e-07 3.335570000000000003e-07 2.820895999999999851e-07 2.375995999999999884e-07 1.993631999999999941e-07 1.667071999999999961e-07 1.389910999999999958e-07 1.155838000000000003e-07 9.587250999999999694e-08 7.927881000000000367e-08 6.526788000000000065e-08 5.334235000000000119e-08 4.302873999999999756e-08 3.389941000000000299e-08 2.566879999999999888e-08 1.827984000000000085e-08 3.085656000000000165e-08 3.162748999999999994e-08 3.261644000000000033e-08 3.355186000000000329e-08 3.392008000000000101e-08 3.257769000000000271e-08 2.839442000000000088e-08 2.328273000000000072e-08 1.842413999999999838e-08 1.414100000000000070e-08 1.049240000000000070e-08 7.450446999999999925e-09 4.960166000000000219e-09 2.956254000000000036e-09 1.369721999999999915e-09 1.326887000000000083e-10 -8.181448000000000097e-10 -1.539880000000000063e-09 -2.083958000000000095e-09 -2.497335999999999947e-09 -2.821075000000000001e-09 -3.082798999999999830e-09 -3.288373999999999919e-09 -3.427287999999999839e-09 6.192878999999999910e-10 6.332849999999999488e-10 6.519622999999999997e-10 6.714894999999999692e-10 6.844668999999999579e-10 6.742504999999999765e-10 6.244801000000000302e-10 5.620580000000000044e-10 5.037752000000000121e-10 4.541684999999999811e-10 4.139508999999999793e-10 3.824628000000000040e-10 3.585975000000000120e-10 3.411387000000000226e-10 3.288956999999999957e-10 3.207656000000000136e-10 3.157618999999999888e-10 3.130162999999999792e-10 3.117676000000000102e-10 3.113740000000000148e-10 3.113738999999999829e-10 3.115449999999999824e-10 3.118761000000000104e-10 3.124390999999999804e-10 1.230974999999999981e-10 1.256205000000000058e-10 1.289148000000000024e-10 1.321669999999999945e-10 1.337972000000000051e-10 1.302230999999999967e-10 1.179254000000000072e-10 1.028301000000000014e-10 8.864219000000000117e-11 7.636839999999999759e-11 6.615346000000000598e-11 5.784036999999999783e-11 5.119400000000000178e-11 4.597459999999999678e-11 4.195535000000000055e-11 3.892577000000000247e-11 3.669250999999999952e-11 3.508256000000000112e-11 3.395292000000000190e-11 3.319492000000000049e-11 3.272180000000000301e-11 3.246010000000000302e-11 3.236004000000000233e-11 3.240241000000000107e-11 1.215495000000000051e-10 1.240726999999999990e-10 1.272968000000000034e-10 1.302894999999999925e-10 1.312516000000000051e-10 1.261250999999999970e-10 1.109194000000000058e-10 9.248047000000000004e-11 7.505327999999999541e-11 5.978261999999999957e-11 4.682691000000000125e-11 3.600692999999999872e-11 2.706629000000000058e-11 1.975154000000000007e-11 1.382558999999999945e-11 9.066383000000000103e-12 5.267872000000000194e-12 2.251509000000000196e-12 -1.205675000000000060e-13 -1.960519000000000039e-12 -3.380032000000000031e-12 -4.486347999999999818e-12 -5.354635999999999601e-12 -6.011718999999999983e-12 1.813879999999999893e-10 1.849787999999999961e-10 1.895175999999999929e-10 1.936116999999999902e-10 1.946319999999999954e-10 1.866851999999999986e-10 1.638938000000000116e-10 1.363583999999999890e-10 1.102838999999999954e-10 8.735377999999999859e-11 6.781496999999999614e-11 5.141174000000000283e-11 3.777122000000000230e-11 2.652768999999999882e-11 1.734241999999999953e-11 9.898493000000000280e-12 3.904566999999999674e-12 -8.849476000000000086e-13 -4.670000999999999863e-12 -7.637853999999999294e-12 -9.977439000000000578e-12 -1.185746000000000065e-11 -1.338990000000000053e-11 -1.461363000000000020e-11
4.842755000000000274e-07 4.917682000000000505e-07 5.021000000000000293e-07 5.138431000000000228e-07 5.243885999999999500e-07 5.290976999999999614e-07 5.227421000000000285e-07 4.663169999999999794e-07 4.064345999999999779e-07 3.484967000000000239e-07 2.957404999999999872e-07 2.491943999999999963e-07 2.089198000000000097e-07 1.745315000000000035e-07 1.454344999999999911e-07 1.209582000000000011e-07 1.004343000000000009e-07 8.324021000000000366e-08 6.881468999999999824e-08 5.665575999999999751e-08 4.630711999999999756e-08 3.734369999999999710e-08 2.938250999999999845e-08 2.216986000000000103e-08 2.317650999999999900e-08 2.397267999999999957e-08 2.508839000000000129e-08 2.639575999999999985e-08 2.765170999999999860e-08 2.839442000000000088e-08 2.759346999999999860e-08 2.419630000000000008e-08 1.983257000000000155e-08 1.557450000000000159e-08 1.177388999999999976e-08 8.538101999999999515e-09 5.865715000000000356e-09 3.707222000000000167e-09 1.994727999999999980e-09 6.571405000000000222e-10 -3.723677999999999991e-10 -1.153510999999999988e-09 -1.738492999999999985e-09 -2.173316000000000067e-09 -2.499711000000000158e-09 -2.753824999999999845e-09 -2.959431999999999795e-09 -3.120706000000000039e-09 5.274382999999999652e-10 5.409569000000000058e-10 5.601863999999999961e-10 5.833629000000000349e-10 6.070306000000000069e-10 6.244801000000000302e-10 6.207427000000000013e-10 5.808345000000000377e-10 5.280130999999999745e-10 4.776134000000000167e-10 4.343589999999999783e-10 3.993589999999999958e-10 3.722126000000000015e-10 3.519271999999999797e-10 3.373381000000000099e-10 3.273028999999999906e-10 3.207860999999999827e-10 3.168849000000000066e-10 3.148212000000000254e-10 3.139238000000000094e-10 3.136322999999999903e-10 3.135514999999999796e-10 3.135036000000000133e-10 3.135021999999999806e-10 1.008352000000000056e-10 1.033771000000000022e-10 1.069586000000000043e-10 1.111874000000000042e-10 1.153124000000000029e-10 1.179254000000000072e-10 1.158714000000000032e-10 1.059613000000000025e-10 9.326756999999999777e-11 8.107950000000000162e-11 7.038980999999999570e-11 6.144198999999999516e-11 5.417860999999999950e-11 4.842460999999999797e-11 4.396609000000000254e-11 4.058670999999999963e-11 3.808426000000000276e-11 3.627641999999999781e-11 3.500349999999999963e-11 3.413603999999999961e-11 3.357718000000000254e-11 3.325101000000000293e-11 3.309407000000000259e-11 3.306420000000000122e-11 9.441919000000000614e-11 9.703063999999999457e-11 1.006709999999999954e-10 1.048794999999999996e-10 1.088142999999999977e-10 1.109194000000000058e-10 1.076385999999999958e-10 9.531850000000000022e-11 7.976913000000000142e-11 6.472753000000000137e-11 5.132138999999999807e-11 3.984379999999999790e-11 3.025495999999999935e-11 2.238255999999999909e-11 1.600658000000000145e-11 1.089912999999999942e-11 6.842744999999999637e-12 3.639169999999999729e-12 1.120576999999999942e-12 -8.402408999999999766e-13 -2.344741999999999906e-12 -3.491968000000000171e-12 -4.376567999999999855e-12 -5.063980999999999766e-12 1.404851000000000126e-10 1.442579000000000039e-10 1.494852999999999935e-10 1.554859999999999892e-10 1.610446999999999929e-10 1.638938000000000116e-10 1.588150000000000094e-10 1.403821000000000078e-10 1.171634000000000103e-10 9.463379999999999688e-11 7.445767999999999904e-11 5.708380000000000118e-11 4.247368000000000123e-11 3.039340000000000255e-11 2.053518000000000055e-11 1.257398999999999942e-11 6.195344000000000021e-12 1.113345000000000039e-12 -2.907755000000000064e-12 -6.054995999999999658e-12 -8.499330000000000701e-12 -1.040971000000000008e-11 -1.193598000000000060e-11 -1.317627000000000036e-11
4.007166999999999978e-07 4.080065000000000212e-07 4.185066000000000081e-07 4.315210000000000165e-07 4.457543000000000120e-07 4.588046000000000160e-07 4.663169999999999794e-07 4.632705000000000057e-07 4.145660999999999736e-07 3.614877000000000110e-07 3.094620000000000218e-07 2.619660999999999968e-07 2.202100000000000111e-07 1.842881000000000076e-07 1.537859999999999981e-07 1.280893999999999982e-07 1.065386000000000035e-07 8.850202000000000040e-08 7.340511999999999973e-08 6.073848000000000510e-08 5.005419999999999699e-08 4.094529000000000016e-08 3.303188000000000236e-08 2.597377000000000098e-08 1.719410000000000042e-08 1.793250999999999849e-08 1.900530000000000012e-08 2.035275999999999993e-08 2.185590999999999841e-08 2.328273000000000072e-08 2.419630000000000008e-08 2.366155999999999909e-08 2.073876000000000087e-08 1.689812999999999860e-08 1.313810000000000036e-08 9.796612000000000373e-09 6.972260999999999980e-09 4.657434999999999644e-09 2.800953000000000057e-09 1.337704000000000078e-09 2.021047000000000042e-10 -6.660916000000000162e-10 -1.319901999999999978e-09 -1.805513000000000029e-09 -2.163375999999999995e-09 -2.430044999999999956e-09 -2.637339000000000006e-09 -2.805878999999999922e-09 4.596288000000000248e-10 4.716610000000000114e-10 4.892591000000000481e-10 5.115894000000000035e-10 5.369466999999999735e-10 5.620580000000000044e-10 5.808345000000000377e-10 5.800441999999999893e-10 5.464005999999999795e-10 5.006478000000000462e-10 4.567672000000000023e-10 4.191773999999999922e-10 3.889126999999999861e-10 3.655812000000000134e-10 3.482508000000000089e-10 3.358519999999999999e-10 3.273557999999999998e-10 3.218418000000000021e-10 3.185155000000000154e-10 3.166958999999999879e-10 3.157978000000000073e-10 3.153354000000000007e-10 3.149702999999999913e-10 3.145604000000000215e-10 8.371359999999999824e-11 8.603619000000000521e-11 8.939907999999999513e-11 9.360255000000000368e-11 9.829448000000000507e-11 1.028301000000000014e-10 1.059613000000000025e-10 1.048450000000000009e-10 9.656160999999999935e-11 8.558569999999999791e-11 7.492973000000000570e-11 6.556515999999999727e-11 5.775363000000000258e-11 5.145310999999999945e-11 4.650045000000000226e-11 4.269529999999999964e-11 3.983797999999999864e-11 3.774463000000000090e-11 3.625153000000000194e-11 3.521630999999999820e-11 3.452456000000000289e-11 3.409168000000000242e-11 3.385178999999999747e-11 3.374988000000000159e-11 7.309855999999999423e-11 7.550467999999999811e-11 7.895635999999999699e-11 8.323665000000000641e-11 8.798058000000000153e-11 9.248047000000000004e-11 9.531850000000000022e-11 9.323744999999999426e-11 8.286269000000000060e-11 6.931826999999999600e-11 5.604846999999999857e-11 4.418238999999999951e-11 3.404846999999999699e-11 2.562746999999999965e-11 1.875731999999999908e-11 1.322816999999999936e-11 8.826099999999999318e-12 5.350801999999999721e-12 2.622018999999999998e-12 4.887334999999999793e-13 -1.161587999999999957e-12 -2.417884000000000080e-12 -3.367154000000000134e-12 -4.092918999999999718e-12 1.081848000000000000e-10 1.116769999999999960e-10 1.166844999999999914e-10 1.229146000000000110e-10 1.298314000000000124e-10 1.363583999999999890e-10 1.403821000000000078e-10 1.371192999999999972e-10 1.215726000000000016e-10 1.013047999999999938e-10 8.136761000000000250e-11 6.343942000000000394e-11 4.803414999999999925e-11 3.515059000000000078e-11 2.456904999999999980e-11 1.599184000000000025e-11 9.108853000000000022e-12 3.626173999999999973e-12 -7.185416000000000005e-13 -4.138604999999999812e-12 -6.800116999999999791e-12 -8.854231000000000100e-12 -1.045070999999999960e-11 -1.172214000000000038e-11
3.332763000000000023e-07 3.399410999999999787e-07 3.497455999999999922e-07 3.623535000000000028e-07 3.770797000000000093e-07 3.925832999999999920e-07 4.064345999999999779e-07 4.145660999999999736e-07 4.126361000000000086e-07 3.693048999999999918e-07 3.218529000000000246e-07 2.753703999999999787e-07 2.330410000000000021e-07 1.959182999999999975e-07 1.640377999999999920e-07 1.369934000000000096e-07 1.142169999999999963e-07 9.511118999999999817e-08 7.910961999999999632e-08 6.570297999999999638e-08 5.443900999999999852e-08 4.491940000000000186e-08 3.678349999999999980e-08 2.969139999999999944e-08 1.256986999999999932e-08 1.322119000000000075e-08 1.418384999999999998e-08 1.542717000000000102e-08 1.688334999999999878e-08 1.842413999999999838e-08 1.983257000000000155e-08 2.073876000000000087e-08 2.034127999999999989e-08 1.780914999999999903e-08 1.445459999999999928e-08 1.117095000000000018e-08 8.257482999999999205e-09 5.799252999999999929e-09 3.787973999999999724e-09 2.177826000000000085e-09 9.113120999999999761e-10 -6.913254999999999667e-11 -8.165004000000000480e-10 -1.377308999999999964e-09 -1.791963000000000008e-09 -2.096080000000000066e-09 -2.321958999999999798e-09 -2.497571999999999903e-09 4.106694000000000046e-10 4.209157000000000047e-10 4.360664999999999954e-10 4.556511999999999930e-10 4.787481000000000417e-10 5.037752000000000121e-10 5.280130999999999745e-10 5.464005999999999795e-10 5.473628000000000240e-10 5.188620999999999509e-10 4.792839999999999550e-10 4.411508000000000189e-10 4.084324999999999749e-10 3.820632000000000088e-10 3.617042999999999769e-10 3.465400000000000255e-10 3.356347000000000073e-10 3.280889999999999927e-10 3.230979000000000036e-10 3.199680000000000163e-10 3.181044000000000249e-10 3.169957000000000161e-10 3.162161999999999983e-10 3.154709000000000257e-10 7.067502999999999557e-11 7.267783999999999519e-11 7.560472000000000018e-11 7.936576000000000129e-11 8.381143999999999694e-11 8.864219000000000117e-11 9.326756999999999777e-11 9.656160999999999935e-11 9.598952000000000355e-11 8.892103000000000163e-11 7.936334000000000017e-11 7.004863999999999666e-11 6.186534000000000021e-11 5.505202000000000275e-11 4.957051000000000019e-11 4.527437999999999757e-11 4.198500999999999701e-11 3.952523999999999688e-11 3.773224000000000240e-11 3.646125999999999968e-11 3.558655000000000208e-11 3.500714000000000062e-11 3.464881000000000249e-11 3.445395000000000022e-11 5.640111000000000139e-11 5.846370999999999384e-11 6.147951999999999813e-11 6.538267999999999419e-11 7.002414999999999905e-11 7.505327999999999541e-11 7.976913000000000142e-11 8.286269000000000060e-11 8.143019999999999607e-11 7.245297999999999406e-11 6.054459999999999791e-11 4.884441000000000230e-11 3.838981000000000280e-11 2.947907999999999681e-11 2.209162999999999883e-11 1.607907000000000047e-11 1.125213999999999935e-11 7.419214000000000541e-12 4.401540000000000246e-12 2.039215999999999982e-12 1.985613000000000074e-13 -1.219330000000000016e-12 -2.292358000000000197e-12 -3.097714000000000022e-12 8.274155999999999908e-11 8.575170000000000023e-11 9.019798999999999905e-11 9.598919999999999977e-11 1.028711999999999973e-10 1.102838999999999954e-10 1.171634000000000103e-10 1.215726000000000016e-10 1.192531000000000077e-10 1.057394999999999971e-10 8.785332000000000274e-11 7.021335999999999679e-11 5.436981000000000216e-11 4.078996999999999770e-11 2.946471999999999847e-11 2.018817999999999971e-11 1.268799999999999925e-11 6.684134000000000001e-12 1.913040000000000096e-12 -1.858518999999999868e-12 -4.819368000000000352e-12 -7.115772999999999794e-12 -8.880926999999999686e-12 -1.024841999999999926e-11
2.788886999999999739e-07 2.847915999999999784e-07 2.935630000000000195e-07 3.049977000000000127e-07 3.186190999999999946e-07 3.335570000000000003e-07 3.484967000000000239e-07 3.614877000000000110e-07 3.693048999999999918e-07 3.683484999999999979e-07 3.300482000000000027e-07 2.880074999999999801e-07 2.467422999999999767e-07 2.091076000000000003e-07 1.760550999999999894e-07 1.476293000000000076e-07 1.234795000000000040e-07 1.031084999999999998e-07 8.599383000000000102e-08 7.163609999999999915e-08 5.958434000000000189e-08 4.943881999999999906e-08 4.084461000000000088e-08 3.347903000000000118e-08 9.025349000000000159e-09 9.583253000000000097e-09 1.041035999999999919e-08 1.148111000000000069e-08 1.274704999999999932e-08 1.414100000000000070e-08 1.557450000000000159e-08 1.689812999999999860e-08 1.780914999999999903e-08 1.758156000000000024e-08 1.543279999999999907e-08 1.252424000000000058e-08 9.657846000000000069e-09 7.105248000000000236e-09 4.946535999999999719e-09 3.177700999999999799e-09 1.760479999999999901e-09 6.452766000000000214e-10 -2.180042999999999975e-10 -8.756252000000000256e-10 -1.368515999999999909e-09 -1.732338000000000020e-09 -1.998448999999999951e-09 -2.195528999999999853e-09 3.763205999999999836e-10 3.847277000000000155e-10 3.971172999999999869e-10 4.131463000000000253e-10 4.323566999999999758e-10 4.541684999999999811e-10 4.776134000000000167e-10 5.006478000000000462e-10 5.188620999999999509e-10 5.216526999999999847e-10 4.977143999999999868e-10 4.633811999999999756e-10 4.299552000000000023e-10 4.010780000000000082e-10 3.776603000000000095e-10 3.594559999999999838e-10 3.457774000000000182e-10 3.358173000000000021e-10 3.287928000000000229e-10 3.240005000000000228e-10 3.208319999999999836e-10 3.187630000000000189e-10 3.173392999999999962e-10 3.161815000000000005e-10 6.083279999999999904e-11 6.246933999999999885e-11 6.488936000000000049e-11 6.806875000000000599e-11 7.194305999999999496e-11 7.636839999999999759e-11 8.107950000000000162e-11 8.558569999999999791e-11 8.892103000000000163e-11 8.880620000000000503e-11 8.280545000000000639e-11 7.449425999999999645e-11 6.634025000000000260e-11 5.915399000000000006e-11 5.316045000000000175e-11 4.833394000000000236e-11 4.454968999999999937e-11 4.165224999999999955e-11 3.948633999999999793e-11 3.790858000000000244e-11 3.679086000000000183e-11 3.602134999999999938e-11 3.551030000000000067e-11 3.519200000000000110e-11 4.331848999999999953e-11 4.499664999999999810e-11 4.753166999999999754e-11 5.091671999999999713e-11 5.506610000000000101e-11 5.978261999999999957e-11 6.472753000000000137e-11 6.931826999999999600e-11 7.245297999999999406e-11 7.154508999999999721e-11 6.381438000000000541e-11 5.338235999999999954e-11 4.308299000000000200e-11 3.385934999999999951e-11 2.598853999999999944e-11 1.945963999999999886e-11 1.414521000000000007e-11 9.879712999999999829e-12 6.494913999999999723e-12 3.833078000000000118e-12 1.752518999999999916e-12 1.345585000000000016e-13 -1.108591999999999968e-12 -2.045658999999999816e-12 6.268736999999999929e-11 6.519899000000000348e-11 6.902619999999999682e-11 7.412926000000000598e-11 8.034468000000000415e-11 8.735377999999999859e-11 9.463379999999999688e-11 1.013047999999999938e-10 1.057394999999999971e-10 1.041568000000000063e-10 9.245797000000000089e-11 7.674516000000000415e-11 6.118817000000000099e-11 4.719234000000000084e-11 3.518657000000000079e-11 2.517016000000000066e-11 1.696479000000000127e-11 1.033128000000000038e-11 5.023357999999999768e-12 8.080943999999999580e-13 -2.521323000000000120e-12 -5.131969999999999992e-12 -7.153462999999999808e-12 -8.703975000000000179e-12
2.350710999999999932e-07 2.401931000000000043e-07 2.477833000000000189e-07 2.575983999999999967e-07 2.692054999999999948e-07 2.820895999999999851e-07 2.957404999999999872e-07 3.094620000000000218e-07 3.218529000000000246e-07 3.300482000000000027e-07 3.306216000000000123e-07 2.970577000000000091e-07 2.598767000000000152e-07 2.231476000000000122e-07 1.895056000000000078e-07 1.598613000000000075e-07 1.342947999999999883e-07 1.125217000000000036e-07 9.411505999999999863e-08 7.861745999999999623e-08 6.558990999999999814e-08 5.463169000000000286e-08 4.538607999999999926e-08 3.753785000000000019e-08 6.334891000000000143e-09 6.797275000000000394e-09 7.471128999999999296e-09 8.327768000000000684e-09 9.339594999999999531e-09 1.049240000000000070e-08 1.177388999999999976e-08 1.313810000000000036e-08 1.445459999999999928e-08 1.543279999999999907e-08 1.538701000000000061e-08 1.357442999999999941e-08 1.103904999999999984e-08 8.513610999999999419e-09 6.251161000000000061e-09 4.330297000000000106e-09 2.751796999999999819e-09 1.484271999999999897e-09 4.852541000000000190e-10 -2.890241000000000153e-10 -8.793252000000000232e-10 -1.321712999999999900e-09 -1.647828000000000071e-09 -1.885950000000000089e-09 3.530969999999999750e-10 3.595998000000000180e-10 3.690566000000000178e-10 3.812779000000000033e-10 3.962234999999999811e-10 4.139508999999999793e-10 4.343589999999999783e-10 4.567672000000000023e-10 4.792839999999999550e-10 4.977143999999999868e-10 5.021298000000000417e-10 4.818717000000000370e-10 4.516632000000000063e-10 4.218565000000000001e-10 3.958626000000000181e-10 3.745972000000000162e-10 3.579040000000000082e-10 3.452080000000000243e-10 3.358121999999999790e-10 3.290315999999999932e-10 3.242452999999999929e-10 3.209117999999999857e-10 3.185619000000000205e-10 3.167845000000000035e-10 5.343950000000000065e-11 5.471078000000000207e-11 5.663608000000000317e-11 5.920970000000000286e-11 6.239927999999999703e-11 6.615346000000000598e-11 7.038980999999999570e-11 7.492973000000000570e-11 7.936334000000000017e-11 8.280545000000000639e-11 8.313553999999999414e-11 7.805763999999999454e-11 7.079035000000000360e-11 6.358829000000000510e-11 5.720533000000000097e-11 5.186159000000000258e-11 4.754583000000000320e-11 4.415382999999999827e-11 4.155098999999999762e-11 3.960087000000000229e-11 3.817631000000000013e-11 3.716301000000000322e-11 3.646069999999999952e-11 3.598855999999999907e-11 3.302733999999999728e-11 3.437554999999999846e-11 3.646989999999999831e-11 3.929392000000000186e-11 4.277793000000000047e-11 4.682691000000000125e-11 5.132138999999999807e-11 5.604846999999999857e-11 6.054459999999999791e-11 6.381438000000000541e-11 6.345493000000000051e-11 5.684347000000000073e-11 4.768682999999999786e-11 3.857074000000000292e-11 3.036931000000000320e-11 2.335011000000000096e-11 1.751570999999999989e-11 1.276022000000000073e-11 8.940407999999999925e-12 5.908573999999999618e-12 3.524898000000000113e-12 1.662632000000000099e-12 2.156021999999999928e-13 -8.944469000000000184e-13 4.686770999999999841e-11 4.897981000000000190e-11 5.221386999999999792e-11 5.651789999999999851e-11 6.177019999999999624e-11 6.781496999999999614e-11 7.445767999999999904e-11 8.136761000000000250e-11 8.785332000000000274e-11 9.245797000000000089e-11 9.167533000000000575e-11 8.163890000000000022e-11 6.783310999999999872e-11 5.405742000000000212e-11 4.160998999999999969e-11 3.090167999999999844e-11 2.194919999999999941e-11 1.460472000000000080e-11 8.661329000000000443e-12 3.902634000000000191e-12 1.223937999999999939e-13 -2.864106999999999884e-12 -5.205773999999999826e-12 -7.017542999999999717e-12
