6.193720000000000222e-06 4.978919000000000195e-06 4.286278999999999996e-06 3.669370999999999804e-06 3.136412999999999883e-06 2.682969000000000180e-06 2.300105999999999963e-06 1.978066000000000079e-06 1.707675999999999945e-06 1.480815000000000068e-06 1.290484999999999978e-06 1.130690999999999997e-06 9.961381000000000146e-07 8.816849999999999703e-07 7.818039999999999774e-07 6.907575000000000098e-07 6.037690999999999771e-07 5.183804999999999744e-07 4.349887999999999941e-07 3.561099999999999773e-07 2.847426000000000023e-07 2.229147999999999971e-07 1.712139999999999872e-07 1.291035000000000019e-07 4.297913999999999822e-07 3.727531000000000213e-07 3.114999000000000112e-07 2.562525999999999900e-07 2.089016999999999971e-07 1.692815999999999983e-07 1.365623000000000052e-07 1.097614999999999999e-07 8.793599000000000417e-08 7.024624000000000288e-08 5.596611999999999822e-08 4.445998000000000263e-08 3.513032999999999691e-08 2.736378999999999862e-08 2.054911999999999945e-08 1.419277999999999946e-08 8.047040000000000369e-09 2.153246000000000156e-09 -3.241268000000000103e-09 -7.853748999999999780e-09 -1.151034999999999924e-08 -1.418729999999999959e-08 -1.597348000000000097e-08 -1.701247000000000133e-08 7.291494000000000050e-09 6.475927000000000275e-09 5.613470999999999960e-09 4.855321000000000050e-09 4.226081000000000267e-09 3.719419999999999963e-09 3.319681000000000171e-09 3.009601999999999840e-09 2.773062000000000158e-09 2.595893999999999845e-09 2.465799999999999902e-09 2.371782999999999977e-09 2.303526000000000178e-09 2.251386999999999889e-09 2.207400999999999955e-09 2.166629999999999993e-09 2.127773000000000113e-09 2.092477999999999978e-09 2.063546999999999843e-09 2.043106999999999860e-09 2.031702000000000146e-09 2.028376999999999850e-09 2.031262999999999999e-09 2.038180000000000090e-09 1.816068000000000103e-09 1.607378999999999977e-09 1.384726999999999906e-09 1.185906999999999966e-09 1.017456000000000090e-09 8.783673000000000052e-10 7.652915000000000140e-10 6.743954000000000512e-10 6.020267000000000217e-10 5.448860999999999636e-10 5.000152000000000168e-10 4.648019000000000242e-10 4.370164999999999767e-10 4.147924999999999922e-10 3.965932999999999895e-10 3.811952999999999875e-10 3.677194000000000134e-10 3.557241000000000021e-10 3.452240000000000064e-10 3.365335999999999844e-10 3.300078999999999829e-10 3.258208000000000150e-10 3.238840000000000057e-10 3.238965000000000095e-10 9.341070000000000707e-10 8.157651999999999862e-10 6.894355999999999927e-10 5.765247000000000409e-10 4.806060999999999540e-10 4.010209999999999845e-10 3.358389000000000116e-10 2.828915999999999850e-10 2.401118000000000166e-10 2.056055999999999946e-10 1.776938000000000053e-10 1.550000999999999878e-10 1.364681000000000098e-10 1.212820000000000109e-10 1.087477999999999959e-10 9.818979999999999991e-11 8.899308999999999476e-11 8.075667999999999714e-11 7.337811000000000387e-11 6.699394999999999849e-11 6.182477000000000011e-11 5.801865999999999908e-11 5.557896999999999698e-11 5.438068000000000209e-11 3.580886999999999899e-09 3.125837999999999810e-09 2.636580000000000009e-09 2.194293000000000004e-09 1.813604000000000058e-09 1.493105999999999993e-09 1.226308999999999968e-09 1.005551000000000016e-09 8.233194000000000221e-10 6.727411999999999640e-10 5.480131000000000088e-10 4.445378000000000197e-10 3.586697000000000213e-10 2.872286000000000187e-10 2.268598999999999995e-10 1.739616000000000055e-10 1.254153999999999989e-10 7.943833000000000448e-11 3.590630999999999788e-11 -4.048401000000000169e-12 -3.893535000000000090e-11 -6.772798000000000521e-11 -9.017798000000000265e-11 -1.066895000000000042e-10
4.978919000000000195e-06 5.035713999999999878e-06 4.179627000000000293e-06 3.628159000000000189e-06 3.127663000000000178e-06 2.689998999999999840e-06 2.314378000000000053e-06 1.995123000000000176e-06 1.725182999999999971e-06 1.497567000000000006e-06 1.305860000000000021e-06 1.144245999999999988e-06 1.007194999999999934e-06 8.891210999999999769e-07 7.845884000000000324e-07 6.891402999999999654e-07 5.999065000000000389e-07 5.154337000000000317e-07 4.353138000000000185e-07 3.601513000000000097e-07 2.914051999999999921e-07 2.306732000000000012e-07 1.788878999999999881e-07 1.360337000000000093e-07 3.727531000000000213e-07 3.464165000000000103e-07 3.014253000000000171e-07 2.530345000000000017e-07 2.088759000000000049e-07 1.706987000000000090e-07 1.385572999999999909e-07 1.119010000000000039e-07 9.000548999999999501e-08 7.214188999999999643e-08 5.762832999999999759e-08 4.582027000000000270e-08 3.608442999999999882e-08 2.782204999999999865e-08 2.055253000000000120e-08 1.396977999999999971e-08 7.917669999999999191e-09 2.346447000000000179e-09 -2.694677999999999822e-09 -7.076401999999999900e-09 -1.066257999999999938e-08 -1.338843000000000026e-08 -1.528434999999999882e-08 -1.645031000000000127e-08 6.475927000000000275e-09 6.117195000000000402e-09 5.495087999999999667e-09 4.834472000000000384e-09 4.247660999999999690e-09 3.757817000000000032e-09 3.362659000000000144e-09 3.051327999999999826e-09 2.810846999999999941e-09 2.628483000000000135e-09 2.492332000000000033e-09 2.391293999999999952e-09 2.315282000000000112e-09 2.255944999999999906e-09 2.207295000000000079e-09 2.165623999999999841e-09 2.129059000000000185e-09 2.097253000000000099e-09 2.071030999999999939e-09 2.051588000000000133e-09 2.039572000000000037e-09 2.034626999999999906e-09 2.035499999999999847e-09 2.040436000000000004e-09 1.607378999999999977e-09 1.513000000000000049e-09 1.350467000000000068e-09 1.176526000000000038e-09 1.019411999999999912e-09 8.852776999999999569e-10 7.740348999999999737e-10 6.834126000000000229e-10 6.105047999999999906e-10 5.523538000000000329e-10 5.062168999999999789e-10 4.696961000000000403e-10 4.407121000000000192e-10 4.174301999999999861e-10 3.983024999999999799e-10 3.821915999999999936e-10 3.683978000000000118e-10 3.565581000000000221e-10 3.465380999999999885e-10 3.383624999999999780e-10 3.321412000000000235e-10 3.279666000000000077e-10 3.258083000000000111e-10 3.254740999999999773e-10 8.157651999999999862e-10 7.622112999999999981e-10 6.698861999999999775e-10 5.709087000000000471e-10 4.812901999999999599e-10 4.044499999999999837e-10 3.402875999999999799e-10 2.874853000000000081e-10 2.443639000000000251e-10 2.092507999999999977e-10 1.806906999999999890e-10 1.574817999999999876e-10 1.385740000000000014e-10 1.230123000000000065e-10 1.099950000000000038e-10 9.892994999999999812e-11 8.940653000000000476e-11 8.115066999999999797e-11 7.400936000000000363e-11 6.794388000000000392e-11 6.300392000000000322e-11 5.926549000000000014e-11 5.675323000000000131e-11 5.539964000000000283e-11 3.125837999999999810e-09 2.915169999999999974e-09 2.554919000000000201e-09 2.166677999999999991e-09 1.811214000000000028e-09 1.502259000000000034e-09 1.240201999999999932e-09 1.020614000000000091e-09 8.376095000000000118e-10 6.854723999999999500e-10 5.592514999999999687e-10 4.545919000000000150e-10 3.674239999999999918e-10 2.939307000000000033e-10 2.307342999999999887e-10 1.750818000000000095e-10 1.249914000000000064e-10 7.924802999999999791e-11 3.731141999999999734e-11 -7.106831000000000295e-13 -3.419902999999999791e-11 -6.243030000000000309e-11 -8.501661999999999484e-11 -1.020779000000000007e-10
4.286278999999999996e-06 4.179627000000000293e-06 4.198142000000000403e-06 3.545769000000000203e-06 3.103129999999999968e-06 2.694266000000000099e-06 2.332270999999999934e-06 2.018717999999999905e-06 1.750311000000000088e-06 1.522027999999999923e-06 1.328393000000000082e-06 1.163803000000000062e-06 1.022512000000000071e-06 8.989710999999999758e-07 7.886445999999999573e-07 6.885823000000000209e-07 5.971682999999999674e-07 5.133948000000000147e-07 4.363488000000000010e-07 3.652725000000000040e-07 3.000207000000000072e-07 2.412217000000000113e-07 1.897721999999999978e-07 1.461668000000000036e-07 3.114999000000000112e-07 3.014253000000000171e-07 2.807515000000000110e-07 2.458472000000000020e-07 2.076068000000000032e-07 1.721667000000000060e-07 1.411925999999999907e-07 1.149154999999999943e-07 9.300193999999999534e-08 7.491316999999999847e-08 6.003791999999999899e-08 4.773630999999999767e-08 3.739329000000000250e-08 2.850901000000000059e-08 2.075512000000000143e-08 1.394461999999999977e-08 7.955782000000000228e-09 2.678317000000000192e-09 -1.981822999999999806e-09 -6.056894000000000198e-09 -9.502553000000000572e-09 -1.224963999999999990e-08 -1.427079000000000010e-08 -1.560571000000000111e-08 5.613470999999999960e-09 5.495087999999999667e-09 5.231256000000000366e-09 4.766584000000000339e-09 4.261302999999999879e-09 3.805603000000000305e-09 3.421929000000000085e-09 3.111146999999999824e-09 2.865929999999999842e-09 2.676086999999999881e-09 2.530693000000000207e-09 2.419258999999999866e-09 2.332840999999999885e-09 2.264789000000000088e-09 2.210615000000000022e-09 2.167235000000000116e-09 2.132255999999999797e-09 2.103783999999999980e-09 2.080695000000000124e-09 2.062791999999999880e-09 2.050382999999999825e-09 2.043566000000000179e-09 2.041813000000000133e-09 2.043990999999999999e-09 1.384726999999999906e-09 1.350467000000000068e-09 1.278036000000000031e-09 1.153643000000000087e-09 1.017805999999999990e-09 8.932349000000000377e-10 7.858360000000000148e-10 6.961725999999999871e-10 6.227084000000000207e-10 5.632076000000000228e-10 5.153716999999999730e-10 4.770575999999999636e-10 4.463156999999999894e-10 4.214329000000000058e-10 4.010096000000000211e-10 3.840324000000000066e-10 3.698688999999999965e-10 3.581388999999999760e-10 3.485630000000000091e-10 3.409181999999999922e-10 3.350677999999999831e-10 3.309603999999999855e-10 3.285672000000000211e-10 3.277981000000000098e-10 6.894355999999999927e-10 6.698861999999999775e-10 6.285193000000000011e-10 5.575027000000000212e-10 4.797866000000000066e-10 4.082641999999999890e-10 3.462239000000000228e-10 2.939145999999999892e-10 2.504423000000000255e-10 2.146162999999999881e-10 1.852733999999999953e-10 1.613176000000000024e-10 1.417033000000000043e-10 1.254656000000000005e-10 1.118066000000000014e-10 1.001887000000000042e-10 9.031568999999999803e-11 8.199584000000000375e-11 7.504497000000000633e-11 6.929180000000000571e-11 6.462342000000000213e-11 6.100301000000000181e-11 5.843325000000000085e-11 5.689498000000000240e-11 2.636580000000000009e-09 2.554919000000000201e-09 2.387986000000000112e-09 2.106727000000000101e-09 1.798052000000000027e-09 1.510847999999999992e-09 1.258104000000000064e-09 1.041414000000000060e-09 8.581655999999999880e-10 7.045160000000000309e-10 5.763509999999999880e-10 4.694810999999999537e-10 3.797007999999999881e-10 3.030549999999999942e-10 2.364121000000000112e-10 1.777964999999999919e-10 1.260524999999999894e-10 8.032153999999999744e-11 3.980441000000000043e-11 3.841575000000000218e-12 -2.785448000000000068e-11 -5.513348999999999957e-11 -7.767287000000000404e-11 -9.533669999999999866e-11
3.669370999999999804e-06 3.628159000000000189e-06 3.545769000000000203e-06 3.563660999999999845e-06 3.046557000000000061e-06 2.686601999999999879e-06 2.348679999999999932e-06 2.045972000000000051e-06 1.781400000000000003e-06 1.553119000000000105e-06 1.357085999999999927e-06 1.188159000000000045e-06 1.040955000000000099e-06 9.108709999999999777e-07 7.947355000000000162e-07 6.906597000000000418e-07 5.974257999999999815e-07 5.139544000000000457e-07 4.390304999999999951e-07 3.713054999999999892e-07 3.096090000000000032e-07 2.534247000000000048e-07 2.030335000000000029e-07 1.590586000000000000e-07 2.562525999999999900e-07 2.530345000000000017e-07 2.458472000000000020e-07 2.304233000000000011e-07 2.032446999999999882e-07 1.727060000000000114e-07 1.439400999999999960e-07 1.185148999999999941e-07 9.675448000000000150e-08 7.843063000000000381e-08 6.306373999999999796e-08 5.009507000000000204e-08 3.902870999999999850e-08 2.951175999999999943e-08 2.132184999999999912e-08 1.430569999999999952e-08 8.325516000000000804e-09 3.232710000000000100e-09 -1.130916000000000027e-09 -4.901752999999999668e-09 -8.147058000000000385e-09 -1.085285999999999968e-08 -1.297249999999999920e-08 -1.448835999999999938e-08 4.855321000000000050e-09 4.834472000000000384e-09 4.766584000000000339e-09 4.585789000000000241e-09 4.238482000000000253e-09 3.847980000000000189e-09 3.489664000000000162e-09 3.184773000000000082e-09 2.935667999999999835e-09 2.736721999999999848e-09 2.579413000000000014e-09 2.455202000000000183e-09 2.357078999999999983e-09 2.279881000000000101e-09 2.219798999999999812e-09 2.173718999999999905e-09 2.138764000000000205e-09 2.112175000000000102e-09 2.091562999999999884e-09 2.075356000000000128e-09 2.062995000000000071e-09 2.054534999999999875e-09 2.049996000000000124e-09 2.048933000000000001e-09 1.185906999999999966e-09 1.176526000000000038e-09 1.153643000000000087e-09 1.101155999999999914e-09 1.005747000000000043e-09 8.986178999999999973e-10 7.987132000000000125e-10 7.115233999999999875e-10 6.379581999999999818e-10 5.770845999999999533e-10 5.272938000000000181e-10 4.867890999999999522e-10 4.538437999999999771e-10 4.269712999999999750e-10 4.050007000000000137e-10 3.870503000000000153e-10 3.724549999999999820e-10 3.607062000000000174e-10 3.513856999999999873e-10 3.441176000000000070e-10 3.385856999999999902e-10 3.345796000000000241e-10 3.319986999999999901e-10 3.307887999999999817e-10 5.765247000000000409e-10 5.709087000000000471e-10 5.575027000000000212e-10 5.271196000000000126e-10 4.722080999999999795e-10 4.104336000000000084e-10 3.525222000000000175e-10 3.015406000000000102e-10 2.580411999999999898e-10 2.215991000000000129e-10 1.913975999999999905e-10 1.664693000000000044e-10 1.458438000000000067e-10 1.286606999999999887e-10 1.142386000000000040e-10 1.020904000000000045e-10 9.190236999999999870e-11 8.346697000000000578e-11 7.658510000000000574e-11 7.102992999999999762e-11 6.658667999999999593e-11 6.310537000000000498e-11 6.051953000000000153e-11 5.881173999999999796e-11 2.194293000000000004e-09 2.166677999999999991e-09 2.106727000000000101e-09 1.980395999999999868e-09 1.759571000000000065e-09 1.511105999999999931e-09 1.275700999999999956e-09 1.065697000000000027e-09 8.839731999999999848e-10 7.293612000000000228e-10 5.988724999999999914e-10 4.887232000000000314e-10 3.950118000000000193e-10 3.143312999999999897e-10 2.441624000000000026e-10 1.829223000000000095e-10 1.296758999999999968e-10 8.365202000000000609e-11 4.394599999999999874e-11 9.547795000000000516e-12 -2.042893999999999959e-11 -4.648034999999999914e-11 -6.864564999999999962e-11 -8.674482000000000600e-11
3.136412999999999883e-06 3.127663000000000178e-06 3.103129999999999968e-06 3.046557000000000061e-06 3.073179000000000125e-06 2.651993000000000208e-06 2.355070999999999953e-06 2.072074999999999978e-06 1.815597999999999977e-06 1.588839999999999979e-06 1.390163000000000085e-06 1.215822000000000046e-06 1.061882000000000085e-06 9.253103999999999872e-07 8.040753000000000347e-07 6.967042000000000269e-07 6.018798000000000027e-07 5.182473999999999638e-07 4.443680999999999913e-07 3.787217000000000183e-07 3.197781000000000118e-07 2.662738999999999740e-07 2.176144000000000008e-07 1.739766999999999938e-07 2.089016999999999971e-07 2.088759000000000049e-07 2.076068000000000032e-07 2.032446999999999882e-07 1.920074999999999940e-07 1.706278000000000001e-07 1.458940999999999882e-07 1.221955000000000039e-07 1.009515000000000024e-07 8.246269999999999897e-08 6.653467000000000057e-08 5.282949999999999670e-08 4.104596000000000288e-08 3.095928000000000272e-08 2.239060000000000000e-08 1.517289000000000094e-08 9.135570000000000124e-09 4.102803999999999970e-09 -1.040843000000000047e-10 -3.658392999999999942e-09 -6.701421000000000117e-09 -9.304177000000000305e-09 -1.145991000000000081e-08 -1.312773000000000012e-08 4.226081000000000267e-09 4.247660999999999690e-09 4.261302999999999879e-09 4.238482000000000253e-09 4.120964999999999738e-09 3.859013000000000020e-09 3.552152000000000205e-09 3.264561000000000055e-09 3.015387000000000146e-09 2.807443000000000104e-09 2.637168000000000090e-09 2.499437999999999987e-09 2.389461999999999953e-09 2.303101999999999850e-09 2.236668999999999982e-09 2.186711000000000102e-09 2.149919000000000049e-09 2.123120000000000005e-09 2.103373999999999979e-09 2.088242000000000036e-09 2.076161999999999804e-09 2.066580000000000116e-09 2.059563999999999899e-09 2.055197999999999875e-09 1.017456000000000090e-09 1.019411999999999912e-09 1.017805999999999990e-09 1.005747000000000043e-09 9.689755999999999393e-10 8.950947000000000068e-10 8.092355000000000021e-10 7.275584999999999542e-10 6.552151000000000280e-10 5.934204999999999568e-10 5.416577999999999904e-10 4.987354999999999886e-10 4.633395000000000211e-10 4.342994000000000047e-10 4.106540000000000069e-10 3.915977000000000135e-10 3.764091999999999992e-10 3.644338000000000242e-10 3.551088999999999875e-10 3.479592000000000096e-10 3.425740000000000208e-10 3.386261999999999757e-10 3.359054000000000134e-10 3.343147000000000057e-10 4.806060999999999540e-10 4.812901999999999599e-10 4.797866000000000066e-10 4.722080999999999795e-10 4.504190000000000242e-10 4.073609000000000051e-10 3.572657000000000229e-10 3.093751000000000104e-10 2.666867999999999998e-10 2.299472000000000039e-10 1.988868999999999918e-10 1.728244999999999909e-10 1.509951000000000104e-10 1.327217999999999873e-10 1.174601000000000068e-10 1.047674000000000021e-10 9.427077999999999910e-11 8.567001999999999850e-11 7.872469999999999957e-11 7.320210000000000047e-11 6.885751000000000555e-11 6.547212000000000355e-11 6.289679000000000548e-11 6.106479999999999886e-11 1.813604000000000058e-09 1.811214000000000028e-09 1.798052000000000027e-09 1.759571000000000065e-09 1.665503999999999918e-09 1.489572000000000075e-09 1.285920999999999948e-09 1.089844000000000068e-09 9.130946000000000162e-10 7.587356999999999817e-10 6.257844000000000419e-10 5.115769999999999799e-10 4.131800000000000146e-10 3.281356000000000099e-10 2.545873000000000148e-10 1.910985000000000045e-10 1.365253999999999999e-10 8.992014000000000140e-11 5.032898000000000150e-11 1.668155000000000055e-11 -1.212607000000000065e-11 -3.702257000000000226e-11 -5.853352000000000644e-11 -7.673408999999999863e-11
2.682969000000000180e-06 2.689998999999999840e-06 2.694266000000000099e-06 2.686601999999999879e-06 2.651993000000000208e-06 2.688346999999999979e-06 2.337730000000000062e-06 2.089056000000000095e-06 1.848034000000000016e-06 1.625785999999999997e-06 1.425176999999999924e-06 1.245545999999999975e-06 1.085387000000000083e-06 9.432596999999999612e-07 8.178141999999999778e-07 7.076322000000000305e-07 6.111828000000000430e-07 5.268684999999999642e-07 4.530885999999999931e-07 3.882655999999999956e-07 3.308461000000000154e-07 2.793460000000000187e-07 2.325726000000000056e-07 1.899597000000000119e-07 1.692815999999999983e-07 1.706987000000000090e-07 1.721667000000000060e-07 1.727060000000000114e-07 1.706278000000000001e-07 1.625693999999999999e-07 1.455121000000000050e-07 1.250901000000000092e-07 1.050585000000000007e-07 8.666855999999999875e-08 7.028441000000000090e-08 5.593576000000000165e-08 4.354055000000000140e-08 3.296790999999999891e-08 2.405329000000000018e-08 1.660980000000000028e-08 1.044189999999999969e-08 5.356367999999999964e-09 1.167697999999999993e-09 -2.300802999999999877e-09 -5.213242000000000308e-09 -7.700535999999999928e-09 -9.826546000000000117e-09 -1.158301999999999998e-08 3.719419999999999963e-09 3.757817000000000032e-09 3.805603000000000305e-09 3.847980000000000189e-09 3.859013000000000020e-09 3.786925000000000341e-09 3.585570000000000058e-09 3.337334000000000131e-09 3.097570999999999994e-09 2.884405999999999934e-09 2.702863000000000037e-09 2.552666999999999908e-09 2.431435999999999998e-09 2.335893999999999916e-09 2.262390999999999989e-09 2.207199999999999988e-09 2.166712999999999981e-09 2.137554999999999863e-09 2.116628000000000148e-09 2.101170000000000097e-09 2.088962999999999913e-09 2.078631000000000202e-09 2.069743999999999961e-09 2.062458000000000117e-09 8.783673000000000052e-10 8.852776999999999569e-10 8.932349000000000377e-10 8.986178999999999973e-10 8.950947000000000068e-10 8.699131000000000035e-10 8.116012999999999692e-10 7.411745000000000238e-10 6.727968000000000067e-10 6.112753999999999631e-10 5.579601999999999651e-10 5.127203999999999865e-10 4.748930000000000267e-10 4.436875000000000253e-10 4.183103999999999992e-10 3.979826000000000066e-10 3.819391999999999791e-10 3.694429000000000126e-10 3.598189999999999959e-10 3.524983999999999788e-10 3.470168000000000212e-10 3.429877000000000128e-10 3.401130999999999822e-10 3.382084000000000209e-10 4.010209999999999845e-10 4.044499999999999837e-10 4.082641999999999890e-10 4.104336000000000084e-10 4.073609000000000051e-10 3.917800999999999963e-10 3.572525999999999829e-10 3.157900000000000024e-10 2.755139999999999959e-10 2.391520000000000133e-10 2.074340999999999899e-10 1.802459999999999895e-10 1.571871000000000082e-10 1.378077000000000038e-10 1.216739000000000072e-10 1.083680000000000051e-10 9.748286999999999819e-11 8.863881999999999449e-11 8.151930999999999588e-11 7.587190999999999634e-11 7.146472000000000207e-11 6.806584999999999920e-11 6.547351999999999747e-11 6.355350999999999988e-11 1.493105999999999993e-09 1.502259000000000034e-09 1.510847999999999992e-09 1.511105999999999931e-09 1.489572000000000075e-09 1.419450000000000098e-09 1.276956999999999978e-09 1.107586999999999972e-09 9.419189000000000528e-10 7.903031000000000065e-10 6.555482999999999499e-10 5.373247000000000108e-10 4.343370999999999766e-10 3.451689999999999999e-10 2.684480000000000226e-10 2.028090999999999930e-10 1.468907000000000126e-10 9.944080999999999702e-11 5.937796000000000440e-11 2.566906999999999980e-11 -2.764318999999999906e-12 -2.698087000000000154e-11 -4.784481999999999686e-11 -6.583962000000000254e-11
2.300105999999999963e-06 2.314378000000000053e-06 2.332270999999999934e-06 2.348679999999999932e-06 2.355070999999999953e-06 2.337730000000000062e-06 2.382139000000000047e-06 2.083974999999999813e-06 1.870637999999999919e-06 1.658859000000000045e-06 1.459327000000000055e-06 1.276491999999999967e-06 1.111891000000000066e-06 9.655750000000000684e-07 8.367130999999999486e-07 7.239431999999999706e-07 6.256355999999999566e-07 5.400782000000000378e-07 4.655856999999999946e-07 4.005572999999999812e-07 3.434821999999999892e-07 2.929164000000000222e-07 2.474954999999999943e-07 2.061378000000000051e-07 1.365623000000000052e-07 1.385572999999999909e-07 1.411925999999999907e-07 1.439400999999999960e-07 1.458940999999999882e-07 1.455121000000000050e-07 1.397400999999999981e-07 1.257246000000000007e-07 1.082262000000000033e-07 9.059927000000000285e-08 7.414859000000000606e-08 5.941955999999999742e-08 4.658192000000000079e-08 3.560579999999999713e-08 2.635503999999999960e-08 1.864337999999999896e-08 1.226851999999999973e-08 7.031260999999999880e-09 2.744532000000000051e-09 -7.650392999999999598e-10 -3.659229000000000082e-09 -6.085470999999999985e-09 -8.159883000000000700e-09 -9.937507999999999718e-09 3.319681000000000171e-09 3.362659000000000144e-09 3.421929000000000085e-09 3.489664000000000162e-09 3.552152000000000205e-09 3.585570000000000058e-09 3.542846999999999894e-09 3.380929999999999822e-09 3.170587000000000189e-09 2.962292999999999833e-09 2.774896999999999873e-09 2.615114000000000116e-09 2.483819999999999804e-09 2.379059999999999847e-09 2.297591999999999938e-09 2.235726999999999966e-09 2.189782999999999985e-09 2.156315999999999815e-09 2.132202999999999859e-09 2.114644999999999991e-09 2.101192000000000079e-09 2.089908000000000059e-09 2.079637999999999845e-09 2.070092999999999957e-09 7.652915000000000140e-10 7.740348999999999737e-10 7.858360000000000148e-10 7.987132000000000125e-10 8.092355000000000021e-10 8.116012999999999692e-10 7.944096999999999559e-10 7.471684000000000231e-10 6.878876000000000514e-10 6.291244999999999816e-10 5.754559000000000332e-10 5.285073999999999652e-10 4.885728999999999931e-10 4.553366000000000032e-10 4.281941999999999915e-10 4.064117000000000205e-10 3.892167999999999892e-10 3.758494000000000153e-10 3.655922000000000044e-10 3.578073999999999756e-10 3.519687000000000256e-10 3.476559999999999832e-10 3.445261999999999760e-10 3.423190000000000046e-10 3.358389000000000116e-10 3.402875999999999799e-10 3.462239000000000228e-10 3.525222000000000175e-10 3.572657000000000229e-10 3.572525999999999829e-10 3.460972999999999914e-10 3.179268000000000213e-10 2.829707000000000225e-10 2.483454999999999878e-10 2.165898000000000124e-10 1.885766999999999915e-10 1.644529000000000050e-10 1.440449000000000120e-10 1.270307999999999963e-10 1.130222000000000044e-10 1.016086999999999978e-10 9.238487000000000194e-11 8.497821999999999371e-11 7.908469000000000600e-11 7.446758999999999410e-11 7.091466999999999837e-11 6.821755999999999836e-11 6.619765000000000198e-11 1.226308999999999968e-09 1.240201999999999932e-09 1.258104000000000064e-09 1.275700999999999956e-09 1.285920999999999948e-09 1.276956999999999978e-09 1.225008999999999983e-09 1.107937000000000079e-09 9.641735999999998974e-10 8.203613000000000506e-10 6.862035000000000489e-10 5.653313999999999820e-10 4.587011000000000178e-10 3.660204000000000175e-10 2.863594999999999767e-10 2.184565999999999899e-10 1.609000999999999881e-10 1.122678000000000003e-10 7.128084000000000508e-11 3.686660999999999895e-11 8.041128999999999512e-12 -1.618861000000000002e-11 -3.678460999999999991e-11 -5.452122000000000262e-11
1.978066000000000079e-06 1.995123000000000176e-06 2.018717999999999905e-06 2.045972000000000051e-06 2.072074999999999978e-06 2.089056000000000095e-06 2.083974999999999813e-06 2.132382999999999858e-06 1.870907999999999960e-06 1.680925999999999947e-06 1.489285999999999906e-06 1.307643999999999927e-06 1.141437999999999980e-06 9.925764999999999148e-07 8.610362000000000190e-07 7.457843000000000324e-07 6.453167000000000043e-07 5.579607000000000525e-07 4.820449000000000339e-07 4.159819000000000067e-07 3.582991999999999821e-07 3.076186999999999936e-07 2.626356000000000016e-07 2.221234000000000049e-07 1.097614999999999999e-07 1.119010000000000039e-07 1.149154999999999943e-07 1.185148999999999941e-07 1.221955000000000039e-07 1.250901000000000092e-07 1.257246000000000007e-07 1.212767999999999971e-07 1.091448999999999968e-07 9.362080000000000410e-08 7.787368000000000358e-08 6.320808000000000493e-08 5.016214000000000107e-08 3.887824000000000284e-08 2.929957999999999944e-08 2.127633000000000070e-08 1.462271999999999973e-08 9.146984000000000639e-09 4.665775999999999957e-09 1.009548000000000079e-09 -1.976495999999999913e-09 -4.435970999999999839e-09 -6.499932999999999623e-09 -8.270442999999999540e-09 3.009601999999999840e-09 3.051327999999999826e-09 3.111146999999999824e-09 3.184773000000000082e-09 3.264561000000000055e-09 3.337334000000000131e-09 3.380929999999999822e-09 3.353150000000000151e-09 3.215748999999999873e-09 3.032381000000000139e-09 2.849672999999999864e-09 2.685556999999999849e-09 2.546342999999999837e-09 2.432652999999999995e-09 2.342440999999999935e-09 2.272555999999999819e-09 2.219543000000000097e-09 2.180043999999999880e-09 2.150976999999999819e-09 2.129575999999999967e-09 2.113388000000000064e-09 2.100277999999999889e-09 2.088581000000000152e-09 2.077334999999999837e-09 6.743954000000000512e-10 6.834126000000000229e-10 6.961725999999999871e-10 7.115233999999999875e-10 7.275584999999999542e-10 7.411745000000000238e-10 7.471684000000000231e-10 7.352520000000000373e-10 6.957550999999999728e-10 6.445020000000000146e-10 5.929661999999999991e-10 5.456411000000000298e-10 5.042839999999999721e-10 4.692926999999999711e-10 4.403895999999999926e-10 4.169823000000000005e-10 3.983556000000000011e-10 3.837734000000000078e-10 3.725287999999999844e-10 3.639665000000000066e-10 3.575115000000000015e-10 3.526952000000000023e-10 3.491465999999999801e-10 3.465654000000000056e-10 2.828915999999999850e-10 2.874853000000000081e-10 2.939145999999999892e-10 3.015406000000000102e-10 3.093751000000000104e-10 3.157900000000000024e-10 3.179268000000000213e-10 3.099539999999999824e-10 2.863734000000000132e-10 2.561181000000000050e-10 2.256749999999999988e-10 1.975587000000000128e-10 1.727490999999999954e-10 1.514757000000000025e-10 1.335986000000000023e-10 1.188062000000000048e-10 1.067195999999999961e-10 9.694558000000000624e-11 8.910418999999999658e-11 8.285269999999999814e-11 7.791506999999999831e-11 7.407986000000000096e-11 7.115967000000000631e-11 6.896997000000000404e-11 1.005551000000000016e-09 1.020614000000000091e-09 1.041414000000000060e-09 1.065697000000000027e-09 1.089844000000000068e-09 1.107586999999999972e-09 1.107937000000000079e-09 1.068837000000000080e-09 9.694159999999999123e-10 8.433099999999999551e-10 7.150932999999999753e-10 5.946638999999999941e-10 4.861828000000000346e-10 3.909055000000000105e-10 3.085976000000000098e-10 2.382880999999999746e-10 1.786844000000000039e-10 1.283917000000000076e-10 8.604841000000000250e-11 5.046071000000000219e-11 2.065020000000000020e-11 -4.270353000000000393e-12 -2.518881999999999970e-11 -4.296319999999999852e-11
1.707675999999999945e-06 1.725182999999999971e-06 1.750311000000000088e-06 1.781400000000000003e-06 1.815597999999999977e-06 1.848034000000000016e-06 1.870637999999999919e-06 1.870907999999999960e-06 1.917621999999999832e-06 1.681820000000000061e-06 1.510038999999999960e-06 1.336780999999999958e-06 1.173071000000000089e-06 1.023814000000000012e-06 8.905297000000000442e-07 7.729953999999999895e-07 6.701330000000000093e-07 5.804998000000000058e-07 5.025485000000000217e-07 4.347623999999999809e-07 3.757080000000000182e-07 3.240652000000000212e-07 2.786023999999999907e-07 2.381438999999999994e-07 8.793599000000000417e-08 9.000548999999999501e-08 9.300193999999999534e-08 9.675448000000000150e-08 1.009515000000000024e-07 1.050585000000000007e-07 1.082262000000000033e-07 1.091448999999999968e-07 1.053833000000000011e-07 9.469022000000000019e-08 8.095823999999999980e-08 6.705924000000000220e-08 5.415842000000000249e-08 4.271884000000000217e-08 3.285032000000000242e-08 2.449078999999999996e-08 1.750097999999999926e-08 1.171316999999999999e-08 6.956008999999999941e-09 3.067229999999999964e-09 -1.027379999999999946e-10 -2.690890999999999905e-09 -4.824097000000000200e-09 -6.617917000000000113e-09 2.773062000000000158e-09 2.810846999999999941e-09 2.865929999999999842e-09 2.935667999999999835e-09 3.015387000000000146e-09 3.097570999999999994e-09 3.170587000000000189e-09 3.215748999999999873e-09 3.196537999999999989e-09 3.078849999999999971e-09 2.919467999999999828e-09 2.760242000000000196e-09 2.617187000000000012e-09 2.495831999999999866e-09 2.396632000000000043e-09 2.317715000000000200e-09 2.256267999999999885e-09 2.209241000000000023e-09 2.173686000000000139e-09 2.146906999999999853e-09 2.126494000000000205e-09 2.110310999999999828e-09 2.096496999999999817e-09 2.083609000000000099e-09 6.020267000000000217e-10 6.105047999999999906e-10 6.227084000000000207e-10 6.379581999999999818e-10 6.552151000000000280e-10 6.727968000000000067e-10 6.878876000000000514e-10 6.957550999999999728e-10 6.871351999999999869e-10 6.532832999999999582e-10 6.084508000000000512e-10 5.631600000000000488e-10 5.215935000000000352e-10 4.853694999999999957e-10 4.548287000000000198e-10 4.296920999999999890e-10 4.094041000000000173e-10 3.933110999999999985e-10 3.807492999999999872e-10 3.710863999999999977e-10 3.637390999999999997e-10 3.581967999999999764e-10 3.540444999999999865e-10 3.509568999999999898e-10 2.401118000000000166e-10 2.443639000000000251e-10 2.504423000000000255e-10 2.580411999999999898e-10 2.666867999999999998e-10 2.755139999999999959e-10 2.829707000000000225e-10 2.863734000000000132e-10 2.804186000000000185e-10 2.601212999999999773e-10 2.335451000000000252e-10 2.066678999999999983e-10 1.818527000000000052e-10 1.600149000000000096e-10 1.413559000000000019e-10 1.257348999999999997e-10 1.128577999999999952e-10 1.023760000000000040e-10 9.393268000000000158e-11 8.718573999999999479e-11 8.182846000000000613e-11 7.761618000000000421e-11 7.436244000000000196e-11 7.190215000000000539e-11 8.233194000000000221e-10 8.376095000000000118e-10 8.581655999999999880e-10 8.839731999999999848e-10 9.130946000000000162e-10 9.419189000000000528e-10 9.641735999999998974e-10 9.694159999999999123e-10 9.376653000000000831e-10 8.502828000000000491e-10 7.379240000000000049e-10 6.233803999999999952e-10 5.159600999999999748e-10 4.194968000000000128e-10 3.350523999999999854e-10 2.623138999999999993e-10 2.003252999999999958e-10 1.478710999999999910e-10 1.036715999999999954e-10 6.649718999999999648e-11 3.527716000000000192e-11 9.143759999999999400e-12 -1.268740000000000024e-11 -3.101087000000000274e-11
1.480815000000000068e-06 1.497567000000000006e-06 1.522027999999999923e-06 1.553119000000000105e-06 1.588839999999999979e-06 1.625785999999999997e-06 1.658859000000000045e-06 1.680925999999999947e-06 1.681820000000000061e-06 1.726292000000000090e-06 1.513069999999999982e-06 1.359279999999999927e-06 1.204268000000000021e-06 1.057855999999999914e-06 9.243583999999999665e-07 8.050869999999999881e-07 6.998180000000000266e-07 6.075867999999999889e-07 5.271148999999999471e-07 4.570267000000000038e-07 3.959764999999999856e-07 3.426928999999999915e-07 2.959945000000000105e-07 2.547828000000000016e-07 7.024624000000000288e-08 7.214188999999999643e-08 7.491316999999999847e-08 7.843063000000000381e-08 8.246269999999999897e-08 8.666855999999999875e-08 9.059927000000000285e-08 9.362080000000000410e-08 9.469022000000000019e-08 9.166112000000000121e-08 8.243505000000000600e-08 7.045593000000000322e-08 5.828759999999999712e-08 4.697060000000000239e-08 3.692160999999999943e-08 2.824377000000000079e-08 2.088704999999999975e-08 1.473157999999999929e-08 9.631996000000000205e-09 5.438819000000000138e-09 2.009466999999999964e-09 -7.875181000000000001e-10 -3.072561999999999796e-09 -4.957784999999999749e-09 2.595893999999999845e-09 2.628483000000000135e-09 2.676086999999999881e-09 2.736721999999999848e-09 2.807443000000000104e-09 2.884405999999999934e-09 2.962292999999999833e-09 3.032381000000000139e-09 3.078849999999999971e-09 3.068533000000000078e-09 2.969279999999999904e-09 2.831343999999999896e-09 2.692268000000000034e-09 2.566524999999999882e-09 2.459221999999999927e-09 2.370919999999999915e-09 2.300081000000000094e-09 2.244300000000000201e-09 2.200945999999999898e-09 2.167462000000000099e-09 2.141501000000000006e-09 2.120959000000000182e-09 2.103962999999999965e-09 2.088876999999999796e-09 5.448860999999999636e-10 5.523538000000000329e-10 5.632076000000000228e-10 5.770845999999999533e-10 5.934204999999999568e-10 6.112753999999999631e-10 6.291244999999999816e-10 6.445020000000000146e-10 6.532832999999999582e-10 6.471965000000000201e-10 6.182313999999999751e-10 5.791672000000000139e-10 5.395129999999999546e-10 5.030529999999999585e-10 4.712539000000000036e-10 4.444314000000000169e-10 4.223471999999999806e-10 4.045153000000000165e-10 3.903614999999999966e-10 3.793009999999999809e-10 3.707746000000000216e-10 3.642648000000000220e-10 3.593182000000000011e-10 3.555683000000000200e-10 2.056055999999999946e-10 2.092507999999999977e-10 2.146162999999999881e-10 2.215991000000000129e-10 2.299472000000000039e-10 2.391520000000000133e-10 2.483454999999999878e-10 2.561181000000000050e-10 2.601212999999999773e-10 2.556394000000000240e-10 2.381356000000000105e-10 2.148624000000000107e-10 1.912344000000000019e-10 1.693949000000000072e-10 1.501743000000000105e-10 1.337582000000000066e-10 1.200246999999999888e-10 1.087149000000000032e-10 9.952062000000000493e-11 9.212585000000000453e-11 8.622739000000000140e-11 8.155233000000000618e-11 7.788358999999999812e-11 7.505775999999999662e-11 6.727411999999999640e-10 6.854723999999999500e-10 7.045160000000000309e-10 7.293612000000000228e-10 7.587356999999999817e-10 7.903031000000000065e-10 8.203613000000000506e-10 8.433099999999999551e-10 8.502828000000000491e-10 8.237973999999999867e-10 7.470293000000000396e-10 6.475638999999999872e-10 5.460015000000000403e-10 4.507268000000000177e-10 3.651712000000000118e-10 2.902761999999999824e-10 2.257581999999999990e-10 1.707671000000000017e-10 1.242278999999999966e-10 8.500531000000000587e-11 5.200956000000000119e-11 2.429361000000000073e-11 1.086857999999999931e-12 -1.830539999999999993e-11
1.290484999999999978e-06 1.305860000000000021e-06 1.328393000000000082e-06 1.357085999999999927e-06 1.390163000000000085e-06 1.425176999999999924e-06 1.459327000000000055e-06 1.489285999999999906e-06 1.510038999999999960e-06 1.513069999999999982e-06 1.558528999999999940e-06 1.366784999999999993e-06 1.230190000000000033e-06 1.091926999999999981e-06 9.609167999999999373e-07 8.411407000000000246e-07 7.338712000000000050e-07 6.389880999999999698e-07 5.556815000000000515e-07 4.828473000000000120e-07 4.192836000000000157e-07 3.637974000000000068e-07 3.152622000000000184e-07 2.726343999999999998e-07 5.596611999999999822e-08 5.762832999999999759e-08 6.003791999999999899e-08 6.306373999999999796e-08 6.653467000000000057e-08 7.028441000000000090e-08 7.414859000000000606e-08 7.787368000000000358e-08 8.095823999999999980e-08 8.243505000000000600e-08 8.026998999999999362e-08 7.244190000000000231e-08 6.202450999999999719e-08 5.134372000000000310e-08 4.135571999999999996e-08 3.245350000000000007e-08 2.474403999999999927e-08 1.819363999999999840e-08 1.270294000000000039e-08 8.146856999999999177e-09 4.395411000000000136e-09 1.323995999999999943e-09 -1.183040999999999989e-09 -3.232227999999999894e-09 2.465799999999999902e-09 2.492332000000000033e-09 2.530693000000000207e-09 2.579413000000000014e-09 2.637168000000000090e-09 2.702863000000000037e-09 2.774896999999999873e-09 2.849672999999999864e-09 2.919467999999999828e-09 2.969279999999999904e-09 2.967800000000000029e-09 2.884326000000000075e-09 2.763898000000000127e-09 2.640732000000000058e-09 2.528244999999999886e-09 2.431361000000000079e-09 2.350837999999999901e-09 2.285481000000000165e-09 2.233271999999999896e-09 2.191949000000000161e-09 2.159287000000000176e-09 2.133230000000000087e-09 2.111923999999999913e-09 2.093694999999999975e-09 5.000152000000000168e-10 5.062168999999999789e-10 5.153716999999999730e-10 5.272938000000000181e-10 5.416577999999999904e-10 5.579601999999999651e-10 5.754559000000000332e-10 5.929661999999999991e-10 6.084508000000000512e-10 6.182313999999999751e-10 6.146607000000000424e-10 5.901528000000000385e-10 5.561641999999999642e-10 5.213337999999999684e-10 4.891335999999999538e-10 4.609411999999999819e-10 4.370860000000000042e-10 4.173883000000000196e-10 4.014368000000000256e-10 3.887329000000000050e-10 3.787625000000000142e-10 3.710310999999999989e-10 3.650788000000000256e-10 3.605010999999999846e-10 1.776938000000000053e-10 1.806906999999999890e-10 1.852733999999999953e-10 1.913975999999999905e-10 1.988868999999999918e-10 2.074340999999999899e-10 2.165898000000000124e-10 2.256749999999999988e-10 2.335451000000000252e-10 2.381356000000000105e-10 2.351099999999999770e-10 2.201839999999999916e-10 1.998645000000000081e-10 1.790721000000000056e-10 1.597722000000000110e-10 1.427420000000000071e-10 1.281717999999999875e-10 1.159688999999999995e-10 1.059131000000000052e-10 9.773640000000000590e-11 9.116012000000000315e-11 8.591477000000000430e-11 8.175777999999999537e-11 7.849568000000000102e-11 5.480131000000000088e-10 5.592514999999999687e-10 5.763509999999999880e-10 5.988724999999999914e-10 6.257844000000000419e-10 6.555482999999999499e-10 6.862035000000000489e-10 7.150932999999999753e-10 7.379240000000000049e-10 7.470293000000000396e-10 7.263301000000000456e-10 6.598769999999999744e-10 5.723611000000000161e-10 4.824493000000000082e-10 3.977935000000000078e-10 3.215749000000000183e-10 2.547188000000000055e-10 1.970346999999999896e-10 1.478045999999999892e-10 1.060970000000000008e-10 7.091616999999999831e-11 4.129312999999999775e-11 1.638739999999999942e-11 -4.479759000000000117e-12
