1.806476999999999984e-06 1.489738000000000101e-06 1.231834000000000097e-06 1.012527999999999973e-06 8.314050000000000256e-07 6.837787999999999872e-07 5.641479000000000379e-07 4.674416999999999816e-07 3.893488000000000169e-07 3.263282000000000196e-07 2.755135000000000007e-07 2.345776000000000027e-07 2.015301999999999897e-07 1.744385999999999961e-07 1.512581000000000090e-07 1.300442999999999994e-07 1.094475000000000012e-07 8.907579999999999881e-08 6.946193999999999764e-08 5.158818999999999947e-08 3.627495999999999940e-08 2.385379999999999884e-08 1.420531000000000003e-08 6.962168999999999846e-09 1.199059999999999886e-07 9.992022000000000136e-08 7.930444999999999780e-08 6.166229000000000628e-08 4.730478999999999831e-08 3.588451999999999925e-08 2.691519000000000081e-08 1.993261999999999853e-08 1.453910000000000080e-08 1.040847000000000056e-08 7.276476999999999956e-09 4.922223000000000116e-09 3.141668000000000157e-09 1.730152000000000086e-09 5.006282000000000022e-10 -6.722997999999999824e-10 -1.822696000000000092e-09 -2.900573000000000174e-09 -3.818284999999999704e-09 -4.507861000000000094e-09 -4.949641000000000196e-09 -5.165350000000000159e-09 -5.197379999999999686e-09 -5.092268999999999923e-09 1.750850000000000008e-09 1.494861999999999961e-09 1.234341000000000008e-09 1.016556999999999926e-09 8.445108999999999897e-10 7.125546000000000035e-10 6.134546000000000045e-10 5.404912000000000329e-10 4.879882999999999619e-10 4.513132000000000024e-10 4.266605999999999876e-10 4.107546000000000221e-10 4.006312000000000113e-10 3.936950999999999840e-10 3.880208999999999975e-10 3.826341000000000156e-10 3.775161000000000029e-10 3.732501999999999898e-10 3.704925999999999806e-10 3.695838000000000013e-10 3.704476999999999883e-10 3.727034000000000139e-10 3.758385000000000045e-10 3.793467000000000214e-10 3.962106000000000049e-10 3.358979999999999810e-10 2.740364999999999873e-10 2.215785999999999921e-10 1.792897999999999964e-10 1.459833999999999945e-10 1.201091000000000097e-10 1.002206000000000013e-10 8.508530000000000137e-11 7.366998999999999677e-11 6.510375000000000640e-11 5.867432999999999481e-11 5.381948999999999770e-11 5.009207999999999712e-11 4.713536000000000162e-11 4.467618999999999888e-11 4.254377000000000099e-11 4.069363999999999825e-11 3.918710000000000212e-11 3.811895000000000127e-11 3.754431999999999971e-11 3.744864000000000066e-11 3.776150000000000061e-11 3.838679999999999714e-11 4.524667000000000232e-10 3.798898999999999870e-10 3.051365999999999945e-10 2.412394000000000014e-10 1.891601000000000022e-10 1.475638000000000018e-10 1.146767000000000063e-10 8.883269999999999972e-11 6.859335000000000074e-11 5.273629000000000086e-11 4.026335000000000009e-11 3.041826000000000048e-11 2.263416000000000097e-11 1.644835999999999879e-11 1.141935000000000061e-11 7.118968999999999733e-12 3.228134999999999957e-12 -3.730775999999999895e-13 -3.613753000000000142e-12 -6.335517000000000337e-12 -8.413441999999999684e-12 -9.816302999999999799e-12 -1.059912000000000018e-11 -1.086379999999999981e-11 6.736097999999999500e-10 5.661591999999999902e-10 4.553003000000000123e-10 3.601831999999999769e-10 2.823213999999999946e-10 2.198589999999999953e-10 1.702552000000000099e-10 1.310870999999999898e-10 1.002371000000000007e-10 7.592400000000000324e-11 5.674726999999999878e-11 4.164861999999999788e-11 2.980097000000000080e-11 2.047161000000000025e-11 1.290560999999999957e-11 6.377889000000000229e-12 3.674596000000000027e-13 -5.317904999999999846e-12 -1.056588000000000021e-11 -1.511421999999999979e-11 -1.873275999999999984e-11 -2.132947999999999930e-11 -2.295354999999999967e-11 -2.374313000000000083e-11
1.489738000000000101e-06 1.431300999999999986e-06 1.204373999999999982e-06 1.007263999999999933e-06 8.355255000000000525e-07 6.914694999999999701e-07 5.727767000000000179e-07 4.758345000000000116e-07 3.970214999999999794e-07 3.331241999999999966e-07 2.814115000000000182e-07 2.395360999999999740e-07 2.053331999999999874e-07 1.767011000000000072e-07 1.517746999999999912e-07 1.292283999999999927e-07 1.083170999999999952e-07 8.868728000000000189e-08 7.029102999999999358e-08 5.342302000000000108e-08 3.858414999999999812e-08 2.616799999999999980e-08 1.626139000000000106e-08 8.667258000000000305e-09 9.992022000000000136e-08 9.185055999999999844e-08 7.703955000000000245e-08 6.149466000000000651e-08 4.794705999999999841e-08 3.679015999999999861e-08 2.784942000000000163e-08 2.079851999999999902e-08 1.530250000000000087e-08 1.106213000000000014e-08 7.818048999999999996e-09 5.336695999999999952e-09 3.399666000000000076e-09 1.818919999999999960e-09 4.638189999999999986e-10 -7.374431999999999748e-10 -1.819220000000000052e-09 -2.788827999999999957e-09 -3.623245999999999836e-09 -4.281941999999999605e-09 -4.736228000000000077e-09 -4.986670999999999602e-09 -5.059097999999999811e-09 -4.991129999999999907e-09 1.494861999999999961e-09 1.396324000000000027e-09 1.211855999999999956e-09 1.020364000000000014e-09 8.575997000000000241e-10 7.279315999999999805e-10 6.282528999999999699e-10 5.536259000000000165e-10 4.991438999999999973e-10 4.604403000000000070e-10 4.336950000000000207e-10 4.155498999999999962e-10 4.031698000000000029e-10 3.943976999999999935e-10 3.877890999999999839e-10 3.824870999999999954e-10 3.781000000000000178e-10 3.746272999999999953e-10 3.723127000000000124e-10 3.713993999999999945e-10 3.719304999999999803e-10 3.737032999999999786e-10 3.763447999999999948e-10 3.794232000000000056e-10 3.358979999999999810e-10 3.120558999999999915e-10 2.678090000000000210e-10 2.215306999999999999e-10 1.815424999999999963e-10 1.489298999999999905e-10 1.230753000000000041e-10 1.029294999999999960e-10 8.742031999999999761e-11 7.557726999999999993e-11 6.658472000000000186e-11 5.978518000000000396e-11 5.462819999999999779e-11 5.063875000000000130e-11 4.745086999999999974e-11 4.484092999999999763e-11 4.269248000000000026e-11 4.094279999999999716e-11 3.956857999999999981e-11 3.858421999999999733e-11 3.801593999999999725e-11 3.786563999999999778e-11 3.809429000000000246e-11 3.863055000000000083e-11 3.798898999999999870e-10 3.507839999999999852e-10 2.970060999999999883e-10 2.405357999999999833e-10 1.912955999999999944e-10 1.506230999999999986e-10 1.178428999999999974e-10 9.174999000000000051e-11 7.109418000000000595e-11 5.477104000000000125e-11 4.189810000000000057e-11 3.176440000000000226e-11 2.373607999999999916e-11 1.724202999999999898e-11 1.184107999999999946e-11 7.245094999999999836e-12 3.268668999999999873e-12 -2.089015000000000061e-13 -3.237937000000000120e-12 -5.792394999999999776e-12 -7.806869999999999429e-12 -9.238414999999999667e-12 -1.010148000000000070e-11 -1.046295999999999968e-11 5.661591999999999902e-10 5.227813999999999583e-10 4.428063000000000035e-10 3.587548999999999871e-10 2.852151999999999934e-10 2.242176000000000127e-10 1.748339000000000077e-10 1.353249999999999954e-10 1.038898000000000035e-10 7.897162999999999719e-11 5.931001000000000569e-11 4.383398000000000221e-11 3.157353000000000269e-11 2.167845999999999929e-11 1.347435000000000024e-11 6.463292999999999731e-12 3.048913999999999765e-13 -5.198403000000000261e-12 -1.010683000000000006e-11 -1.435935000000000061e-11 -1.783447000000000004e-11 -2.043867000000000060e-11 -2.216580000000000154e-11 -2.309710999999999871e-11
1.231834000000000097e-06 1.204373999999999982e-06 1.160535000000000062e-06 9.907506000000000599e-07 8.374226000000000517e-07 7.008937999999999919e-07 5.846783999999999847e-07 4.879247999999999858e-07 4.083096000000000128e-07 3.432232999999999788e-07 2.901523000000000193e-07 2.467012000000000174e-07 2.105728999999999969e-07 1.797598000000000054e-07 1.528276999999999941e-07 1.289509000000000089e-07 1.076674000000000023e-07 8.860103000000000335e-08 7.136493000000000163e-08 5.569379999999999807e-08 4.161532999999999840e-08 2.938957999999999892e-08 1.924958999999999866e-08 1.121605000000000037e-08 7.930444999999999780e-08 7.703955000000000245e-08 7.130110000000000310e-08 6.035383000000000436e-08 4.849630999999999918e-08 3.795271999999999920e-08 2.915894000000000064e-08 2.205669000000000069e-08 1.643095000000000063e-08 1.203130000000000001e-08 8.607381999999999921e-09 5.919429000000000198e-09 3.760075999999999662e-09 1.981850000000000141e-09 4.988307000000000402e-10 -7.388841000000000003e-10 -1.772205999999999991e-09 -2.642249000000000147e-09 -3.378642999999999951e-09 -3.983572000000000355e-09 -4.437713000000000100e-09 -4.725169999999999721e-09 -4.849992000000000347e-09 -4.834661999999999739e-09 1.234341000000000008e-09 1.211855999999999956e-09 1.146213000000000041e-09 1.014043999999999978e-09 8.717566000000000500e-10 7.484762000000000132e-10 6.493141999999999993e-10 5.728434000000000073e-10 5.156444000000000480e-10 4.738944999999999914e-10 4.439259000000000231e-10 4.225341000000000019e-10 4.072166000000000184e-10 3.962273999999999836e-10 3.884035999999999821e-10 3.829070999999999794e-10 3.790643000000000080e-10 3.763802999999999891e-10 3.746249999999999859e-10 3.738057999999999790e-10 3.739984000000000079e-10 3.751754000000000236e-10 3.771476999999999755e-10 3.796091000000000183e-10 2.740364999999999873e-10 2.678090000000000210e-10 2.511779000000000080e-10 2.187537999999999906e-10 1.836917999999999932e-10 1.527788999999999996e-10 1.272553000000000093e-10 1.068520999999999954e-10 9.083292000000000349e-11 7.839782000000000370e-11 6.882770000000000004e-11 6.149625999999999387e-11 5.585821000000000216e-11 5.146510999999999900e-11 4.798712999999999810e-11 4.521530000000000101e-11 4.303124999999999681e-11 4.135153000000000242e-11 4.009746000000000310e-11 3.920962999999999920e-11 3.866477999999999875e-11 3.846087999999999959e-11 3.858603000000000174e-11 3.900170000000000011e-11 3.051365999999999945e-10 2.970060999999999883e-10 2.762056999999999947e-10 2.363047999999999800e-10 1.930488000000000003e-10 1.545322000000000115e-10 1.222567000000000075e-10 9.593498000000000407e-11 7.475074000000000103e-11 5.784472000000000154e-11 4.443752999999999957e-11 3.381131999999999693e-11 2.530136999999999844e-11 1.834053999999999972e-11 1.252457000000000062e-11 7.629256999999999628e-12 3.534166000000000190e-12 1.279969999999999947e-13 -2.711035000000000070e-12 -5.073040000000000364e-12 -6.983372000000000306e-12 -8.421820000000000560e-12 -9.373389000000000542e-12 -9.861430000000000320e-12 4.553003000000000123e-10 4.428063000000000035e-10 4.115360000000000252e-10 3.519722000000000039e-10 2.874060000000000103e-10 2.297276000000000019e-10 1.811782999999999895e-10 1.414018000000000028e-10 1.092851999999999997e-10 8.361565000000000066e-11 6.323413000000000371e-11 4.704662000000000214e-11 3.404308000000000038e-11 2.337251000000000054e-11 1.443912999999999928e-11 6.898604000000000399e-12 5.318107999999999901e-13 -4.857175000000000051e-12 -9.449653000000000347e-12 -1.336507999999999983e-11 -1.662743000000000118e-11 -1.919394000000000010e-11 -2.102447000000000079e-11 -2.213481999999999918e-11
1.012527999999999973e-06 1.007263999999999933e-06 9.907506000000000599e-07 9.614433999999999045e-07 8.304904999999999813e-07 7.087280999999999577e-07 5.982140000000000123e-07 5.029140000000000523e-07 4.228272999999999814e-07 3.563903000000000066e-07 3.014553999999999903e-07 2.556991000000000109e-07 2.169857999999999974e-07 1.837089999999999942e-07 1.548582000000000069e-07 1.298157999999999917e-07 1.081126000000000016e-07 8.928058999999999888e-08 7.280259000000000181e-08 5.815664999999999686e-08 4.497559000000000020e-08 3.319683999999999804e-08 2.299633999999999878e-08 1.455283999999999997e-08 6.166229000000000628e-08 6.149466000000000651e-08 6.035383000000000436e-08 5.648335999999999922e-08 4.827617999999999944e-08 3.905444000000000147e-08 3.069416999999999804e-08 2.363738000000000053e-08 1.788862000000000021e-08 1.328613000000000073e-08 9.610967000000000235e-09 6.649464000000000355e-09 4.236367000000000204e-09 2.264045999999999814e-09 6.630118000000000244e-10 -6.212711000000000054e-10 -1.641597000000000075e-09 -2.453303999999999824e-09 -3.110206000000000127e-09 -3.650418999999999986e-09 -4.083037999999999772e-09 -4.394734999999999714e-09 -4.572558999999999864e-09 -4.619736000000000393e-09 1.016556999999999926e-09 1.020364000000000014e-09 1.014043999999999978e-09 9.737503999999999961e-10 8.778821000000000202e-10 7.700195000000000415e-10 6.747227999999999853e-10 5.972417999999999507e-10 5.369829000000000359e-10 4.913071000000000394e-10 4.571511000000000076e-10 4.318033999999999960e-10 4.131873000000000151e-10 3.998023000000000143e-10 3.905252999999999956e-10 3.844218000000000073e-10 3.806386000000000094e-10 3.784028000000000201e-10 3.771206000000000222e-10 3.764824999999999973e-10 3.764384999999999817e-10 3.770364000000000133e-10 3.782602999999999868e-10 3.799659000000000186e-10 2.215785999999999921e-10 2.215306999999999999e-10 2.187537999999999906e-10 2.077977999999999925e-10 1.836866999999999960e-10 1.565833999999999889e-10 1.321924000000000004e-10 1.117560999999999947e-10 9.521862000000000004e-11 8.210369999999999638e-11 7.182618000000000404e-11 6.380766999999999644e-11 5.754522999999999713e-11 5.264835999999999721e-11 4.883098999999999729e-11 4.587911999999999687e-11 4.363015999999999753e-11 4.196125000000000076e-11 4.076660999999999970e-11 3.994827999999999747e-11 3.943453999999999688e-11 3.919369999999999929e-11 3.921909999999999876e-11 3.949948000000000286e-11 2.412394000000000014e-10 2.405357999999999833e-10 2.363047999999999800e-10 2.221064999999999919e-10 1.920065999999999933e-10 1.581610999999999885e-10 1.273594000000000028e-10 1.011246999999999946e-10 7.948320999999999813e-11 6.194906000000000341e-11 4.786167999999999726e-11 3.652892999999999832e-11 2.732985000000000153e-11 1.978102999999999856e-11 1.354073000000000061e-11 8.379454999999999862e-12 4.148804999999999910e-12 7.294450999999999853e-13 -2.014958000000000187e-12 -4.229327000000000402e-12 -6.020861000000000026e-12 -7.429723999999999453e-12 -8.448466999999999326e-12 -9.068298000000000504e-12 3.601831999999999769e-10 3.587548999999999871e-10 3.519722000000000039e-10 3.304329999999999900e-10 2.853528000000000157e-10 2.346996000000000029e-10 1.884618999999999993e-10 1.489628000000000090e-10 1.163129000000000037e-10 8.980788999999999488e-11 6.845658000000000515e-11 5.122109000000000101e-11 3.716999999999999934e-11 2.557212000000000110e-11 1.591694999999999873e-11 7.883764999999999981e-12 1.264065999999999998e-12 -4.140012999999999961e-12 -8.554922000000000006e-12 -1.220085000000000006e-11 -1.523166999999999986e-11 -1.770173000000000115e-11 -1.959292999999999859e-11 -2.087920000000000013e-11
8.314050000000000256e-07 8.355255000000000525e-07 8.374226000000000517e-07 8.304904999999999813e-07 8.126210000000000078e-07 7.090407000000000527e-07 6.103895000000000408e-07 5.193152999999999651e-07 4.397884000000000154e-07 3.720768000000000194e-07 3.148208999999999918e-07 2.661972999999999878e-07 2.246112000000000095e-07 1.889254000000000011e-07 1.583471000000000005e-07 1.322395000000000110e-07 1.100117999999999952e-07 9.108517000000000590e-08 7.488449999999999799e-08 6.083558999999999795e-08 4.840448000000000199e-08 3.722443000000000108e-08 2.721887999999999855e-08 1.854088999999999841e-08 4.730478999999999831e-08 4.794705999999999841e-08 4.849630999999999918e-08 4.827617999999999944e-08 4.576044000000000209e-08 3.949406999999999864e-08 3.217070999999999757e-08 2.540146000000000133e-08 1.959628999999999872e-08 1.477002000000000066e-08 1.079659000000000066e-08 7.533712999999999335e-09 4.868040999999999982e-09 2.713167999999999827e-09 9.957497999999999357e-10 -3.524022000000000220e-10 -1.396400000000000058e-09 -2.198489000000000017e-09 -2.818012999999999996e-09 -3.308376000000000074e-09 -3.706012999999999825e-09 -4.019667000000000322e-09 -4.237324000000000039e-09 -4.346420999999999874e-09 8.445108999999999897e-10 8.575997000000000241e-10 8.717566000000000500e-10 8.778821000000000202e-10 8.553116000000000101e-10 7.845003999999999517e-10 7.007200999999999655e-10 6.249711000000000030e-10 5.621629999999999746e-10 5.121856000000000102e-10 4.733319000000000454e-10 4.436957000000000026e-10 4.216061000000000027e-10 4.056567999999999862e-10 3.946328000000000251e-10 3.874525000000000121e-10 3.831362000000000112e-10 3.807935999999999950e-10 3.796527000000000098e-10 3.791436999999999860e-10 3.789800000000000189e-10 3.791248999999999902e-10 3.796399999999999939e-10 3.805371000000000176e-10 1.792897999999999964e-10 1.815424999999999963e-10 1.836917999999999932e-10 1.836866999999999960e-10 1.767977999999999962e-10 1.585034999999999997e-10 1.370123999999999900e-10 1.172315000000000051e-10 1.004035000000000013e-10 8.662006000000000280e-11 7.554259000000000073e-11 6.672351000000000030e-11 5.975218999999999805e-11 5.429634000000000288e-11 5.008870999999999691e-11 4.690112000000000120e-11 4.453073000000000164e-11 4.280632000000000051e-11 4.159424000000000029e-11 4.078414999999999843e-11 4.028021000000000048e-11 4.001527999999999709e-11 3.996089000000000018e-11 4.011314000000000087e-11 1.891601000000000022e-10 1.912955999999999944e-10 1.930488000000000003e-10 1.920065999999999933e-10 1.825680000000000048e-10 1.593286000000000003e-10 1.321305999999999976e-10 1.068765999999999988e-10 8.511090000000000643e-11 6.698012000000000238e-11 5.208606999999999760e-11 3.988470000000000109e-11 2.988006999999999952e-11 2.168356999999999906e-11 1.499412000000000154e-11 9.561327000000000705e-12 5.174215999999999851e-12 1.668359999999999971e-12 -1.095300999999999959e-12 -3.261572000000000150e-12 -4.973294999999999762e-12 -6.333377999999999875e-12 -7.380800999999999985e-12 -8.108313000000000329e-12 2.823213999999999946e-10 2.852151999999999934e-10 2.874060000000000103e-10 2.853528000000000157e-10 2.708591000000000061e-10 2.359442000000000092e-10 1.952106000000000011e-10 1.573575999999999975e-10 1.246644999999999990e-10 9.735009000000000529e-11 7.482978000000000389e-11 5.630109999999999726e-11 4.102518000000000231e-11 2.842128999999999875e-11 1.804599999999999964e-11 9.544860999999999955e-12 2.635143999999999904e-12 -2.914518999999999811e-12 -7.332762000000000295e-12 -1.086215999999999983e-11 -1.372527000000000054e-11 -1.607401999999999980e-11 -1.796395000000000082e-11 -1.937943999999999845e-11
6.837787999999999872e-07 6.914694999999999701e-07 7.008937999999999919e-07 7.087280999999999577e-07 7.090407000000000527e-07 6.996307999999999626e-07 6.158893999999999854e-07 5.343721000000000341e-07 4.576528000000000176e-07 3.892812000000000143e-07 3.296545000000000089e-07 2.780915000000000123e-07 2.337529999999999889e-07 1.958617000000000074e-07 1.636782000000000025e-07 1.364747000000000064e-07 1.135440000000000008e-07 9.421874000000000132e-08 7.788203999999999506e-08 6.396008999999999394e-08 5.190637999999999710e-08 4.122677000000000197e-08 3.159108000000000047e-08 2.293351000000000139e-08 3.588451999999999925e-08 3.679015999999999861e-08 3.795271999999999920e-08 3.905444000000000147e-08 3.949406999999999864e-08 3.793305999999999887e-08 3.304805000000000190e-08 2.707746999999999914e-08 2.140398000000000119e-08 1.640446000000000024e-08 1.214773000000000061e-08 8.600809000000000713e-09 5.699148000000000305e-09 3.366154000000000037e-09 1.520973000000000099e-09 8.409329999999999590e-11 -1.018602999999999900e-09 -1.853954999999999933e-09 -2.482159000000000134e-09 -2.958154000000000205e-09 -3.329969999999999824e-09 -3.629908000000000117e-09 -3.864798999999999818e-09 -4.022304999999999998e-09 7.125546000000000035e-10 7.279315999999999805e-10 7.484762000000000132e-10 7.700195000000000415e-10 7.845003999999999517e-10 7.737759000000000266e-10 7.199995999999999711e-10 6.524727999999999846e-10 5.894690999999999533e-10 5.359057999999999673e-10 4.925375999999999970e-10 4.586286000000000162e-10 4.329601999999999831e-10 4.141986999999999751e-10 4.010414000000000251e-10 3.922844000000000211e-10 3.868526999999999953e-10 3.838013000000000093e-10 3.823032999999999799e-10 3.816628000000000171e-10 3.813804000000000037e-10 3.812179999999999858e-10 3.811675000000000178e-10 3.813115999999999925e-10 1.459833999999999945e-10 1.489298999999999905e-10 1.527788999999999996e-10 1.565833999999999889e-10 1.585034999999999997e-10 1.543671000000000118e-10 1.400751000000000109e-10 1.225278000000000119e-10 1.060389000000000013e-10 9.177955999999999672e-11 7.991733999999999640e-11 7.026861000000000546e-11 6.255897000000000157e-11 5.650871999999999835e-11 5.185340999999999806e-11 4.834768999999999753e-11 4.576626000000000011e-11 4.390755000000000106e-11 4.260498999999999858e-11 4.173204000000000239e-11 4.118768999999999976e-11 4.088644999999999972e-11 4.077037999999999818e-11 4.081723999999999744e-11 1.475638000000000018e-10 1.506230999999999986e-10 1.545322000000000115e-10 1.581610999999999885e-10 1.593286000000000003e-10 1.531154999999999972e-10 1.346838999999999964e-10 1.123328999999999952e-10 9.120870000000000010e-11 7.269888000000000456e-11 5.699546999999999928e-11 4.388123000000000042e-11 3.304529000000000004e-11 2.418039999999999903e-11 1.699914999999999992e-11 1.123231000000000023e-11 6.630097000000000077e-12 2.976046000000000141e-12 1.030190999999999972e-13 -2.124968000000000039e-12 -3.843324999999999883e-12 -5.182072999999999663e-12 -6.232348999999999620e-12 -7.026679000000000336e-12 2.198589999999999953e-10 2.242176000000000127e-10 2.297276000000000019e-10 2.346996000000000029e-10 2.359442000000000092e-10 2.263121999999999953e-10 1.986733999999999956e-10 1.652806000000000072e-10 1.336608000000000034e-10 1.058556999999999962e-10 8.216479999999999579e-11 6.227754000000000526e-11 4.574146999999999735e-11 3.211282999999999818e-11 2.098061000000000141e-11 1.196034000000000071e-11 4.698541999999999832e-12 -1.102717000000000056e-12 -5.685996999999999687e-12 -9.278463000000000548e-12 -1.210930000000000051e-11 -1.438315000000000056e-11 -1.623584999999999892e-11 -1.771453999999999976e-11
5.641479000000000379e-07 5.727767000000000179e-07 5.846783999999999847e-07 5.982140000000000123e-07 6.103895000000000408e-07 6.158893999999999854e-07 6.125002999999999885e-07 5.430925000000000438e-07 4.736285999999999905e-07 4.064912999999999866e-07 3.453704999999999889e-07 2.914355999999999948e-07 2.447499000000000256e-07 2.048656000000000077e-07 1.710950000000000110e-07 1.426634999999999990e-07 1.188000000000000050e-07 9.878607999999999436e-08 8.197439000000000193e-08 6.778583999999999760e-08 5.569406999999999811e-08 4.520845999999999797e-08 3.588642999999999929e-08 2.743458999999999883e-08 2.691519000000000081e-08 2.784942000000000163e-08 2.915894000000000064e-08 3.069416999999999804e-08 3.217070999999999757e-08 3.304805000000000190e-08 3.211995000000000301e-08 2.815408000000000086e-08 2.305786999999999867e-08 1.808607999999999965e-08 1.365011000000000013e-08 9.875299000000000104e-09 6.759703999999999759e-09 4.245175999999999982e-09 2.252101000000000017e-09 6.971764999999999861e-10 -4.978713999999999895e-10 -1.402958000000000068e-09 -2.079186000000000103e-09 -2.580382999999999856e-09 -2.955373000000000027e-09 -3.246433999999999959e-09 -3.481360999999999968e-09 -3.665009999999999941e-09 6.134546000000000045e-10 6.282528999999999699e-10 6.493141999999999993e-10 6.747227999999999853e-10 7.007200999999999655e-10 7.199995999999999711e-10 7.162463999999999721e-10 6.731180000000000324e-10 6.159461999999999549e-10 5.614207000000000277e-10 5.146654999999999533e-10 4.768690999999999492e-10 4.475792000000000233e-10 4.257033000000000058e-10 4.099649000000000098e-10 3.991151000000000025e-10 3.920239000000000094e-10 3.877079000000000007e-10 3.853208000000000163e-10 3.841338999999999984e-10 3.835397999999999890e-10 3.831117000000000079e-10 3.826594000000000155e-10 3.822017999999999881e-10 1.201091000000000097e-10 1.230753000000000041e-10 1.272553000000000093e-10 1.321924000000000004e-10 1.370123999999999900e-10 1.400751000000000109e-10 1.377063999999999982e-10 1.261917000000000048e-10 1.114374999999999965e-10 9.727351000000000079e-11 8.485465000000000538e-11 7.446362000000000295e-11 6.603286000000000021e-11 5.935792000000000361e-11 5.418931999999999755e-11 5.027483000000000096e-11 4.737877000000000290e-11 4.528868999999999935e-11 4.381856999999999875e-11 4.281762000000000310e-11 4.217307000000000298e-11 4.179653999999999994e-11 4.161417000000000220e-11 4.157694999999999724e-11 1.146767000000000063e-10 1.178428999999999974e-10 1.222567000000000075e-10 1.273594000000000028e-10 1.321305999999999976e-10 1.346838999999999964e-10 1.307082000000000016e-10 1.157747999999999966e-10 9.692690999999999497e-11 7.869462999999999908e-11 6.244506999999999900e-11 4.853349999999999711e-11 3.691166000000000026e-11 2.737063999999999938e-11 1.964373000000000075e-11 1.345462000000000068e-11 8.539700000000000054e-12 4.658609999999999675e-12 1.607885000000000070e-12 -7.666973000000000111e-13 -2.588146000000000148e-12 -3.976539999999999937e-12 -5.046634000000000163e-12 -5.877771000000000078e-12 1.702552000000000099e-10 1.748339000000000077e-10 1.811782999999999895e-10 1.884618999999999993e-10 1.952106000000000011e-10 1.986733999999999956e-10 1.925199999999999980e-10 1.701680000000000011e-10 1.420110999999999978e-10 1.146906999999999972e-10 9.022572000000000584e-11 6.916017999999999743e-11 5.144726000000000226e-11 3.680306999999999981e-11 2.485412000000000032e-11 1.520604000000000010e-11 7.477296999999999941e-12 1.321031000000000049e-12 -3.548752999999999914e-12 -7.358958000000000439e-12 -1.031695999999999929e-11 -1.262769999999999960e-11 -1.447296000000000056e-11 -1.597174999999999967e-11
4.674416999999999816e-07 4.758345000000000116e-07 4.879247999999999858e-07 5.029140000000000523e-07 5.193152999999999651e-07 5.343721000000000341e-07 5.430925000000000438e-07 5.430660999999999927e-07 4.830510000000000021e-07 4.214677999999999884e-07 3.611719999999999998e-07 3.061374000000000054e-07 2.577451999999999937e-07 2.160967999999999952e-07 1.807110000000000093e-07 1.508774000000000034e-07 1.258342999999999901e-07 1.048529000000000005e-07 8.727047999999999413e-08 7.249933999999999544e-08 6.002289000000000551e-08 4.937161000000000173e-08 4.010704999999999914e-08 3.183606999999999716e-08 1.993261999999999853e-08 2.079851999999999902e-08 2.205669000000000069e-08 2.363738000000000053e-08 2.540146000000000133e-08 2.707746999999999914e-08 2.815408000000000086e-08 2.753670000000000067e-08 2.412509000000000152e-08 1.964008000000000152e-08 1.525007999999999993e-08 1.135031000000000027e-08 8.055879000000000611e-09 5.357617000000000236e-09 3.195434000000000031e-09 1.492990999999999937e-09 1.734411999999999925e-10 -8.337776000000000511e-10 -1.590738999999999918e-09 -2.151502000000000084e-09 -2.563400000000000061e-09 -2.869194000000000132e-09 -3.106099999999999851e-09 -3.298229000000000192e-09 5.404912000000000329e-10 5.536259000000000165e-10 5.728434000000000073e-10 5.972417999999999507e-10 6.249711000000000030e-10 6.524727999999999846e-10 6.731180000000000324e-10 6.724858000000000271e-10 6.360855999999999650e-10 5.865121999999999508e-10 5.389825000000000048e-10 4.982909000000000210e-10 4.655466999999999925e-10 4.403092999999999862e-10 4.215531000000000133e-10 4.081068000000000139e-10 3.988454999999999851e-10 3.927651000000000192e-10 3.890005999999999853e-10 3.868112999999999813e-10 3.855626000000000123e-10 3.847277000000000155e-10 3.839416999999999936e-10 3.830532000000000230e-10 1.002206000000000013e-10 1.029294999999999960e-10 1.068520999999999954e-10 1.117560999999999947e-10 1.172315000000000051e-10 1.225278000000000119e-10 1.261917000000000048e-10 1.249120000000000025e-10 1.152882999999999978e-10 1.025308000000000033e-10 9.014679000000000185e-11 7.926676000000000504e-11 7.019459999999999819e-11 6.288071000000000298e-11 5.713461999999999874e-11 5.272263999999999879e-11 4.941197999999999965e-11 4.698837000000000004e-11 4.526103000000000066e-11 4.406411000000000176e-11 4.326436999999999693e-11 4.276331000000000068e-11 4.248421999999999808e-11 4.236311000000000163e-11 8.883269999999999972e-11 9.174999000000000051e-11 9.593498000000000407e-11 1.011246999999999946e-10 1.068765999999999988e-10 1.123328999999999952e-10 1.157747999999999966e-10 1.132537000000000000e-10 1.006786000000000012e-10 8.426117999999999781e-11 6.817677000000000051e-11 5.379412000000000262e-11 4.151135999999999731e-11 3.130517000000000321e-11 2.297907999999999986e-11 1.627865999999999962e-11 1.094456999999999968e-11 6.733979999999999949e-12 3.428357999999999799e-12 8.446146999999999594e-13 -1.153684000000000075e-12 -2.674366999999999928e-12 -3.822915000000000377e-12 -4.700593000000000386e-12 1.310870999999999898e-10 1.353249999999999954e-10 1.414018000000000028e-10 1.489628000000000090e-10 1.573575999999999975e-10 1.652806000000000072e-10 1.701680000000000011e-10 1.662172000000000079e-10 1.473655999999999972e-10 1.227876999999999874e-10 9.861142000000000150e-11 7.687253000000000182e-11 5.819426999999999776e-11 4.257501999999999765e-11 2.974813000000000039e-11 1.935239999999999900e-11 1.101153999999999975e-11 4.368974999999999769e-12 -8.935718999999999843e-13 -5.034881999999999993e-12 -8.256453000000000140e-12 -1.074163999999999986e-11 -1.267212000000000074e-11 -1.420873000000000059e-11
3.893488000000000169e-07 3.970214999999999794e-07 4.083096000000000128e-07 4.228272999999999814e-07 4.397884000000000154e-07 4.576528000000000176e-07 4.736285999999999905e-07 4.830510000000000021e-07 4.839507999999999795e-07 4.305175000000000035e-07 3.754539000000000027e-07 3.215746999999999897e-07 2.725189999999999801e-07 2.294885000000000105e-07 1.925176000000000086e-07 1.611345999999999982e-07 1.346828999999999970e-07 1.124730000000000040e-07 9.385113000000000614e-08 7.822990999999999750e-08 6.508763999999999797e-08 5.396488999999999851e-08 4.444565999999999725e-08 3.613758999999999742e-08 1.453910000000000080e-08 1.530250000000000087e-08 1.643095000000000063e-08 1.788862000000000021e-08 1.959628999999999872e-08 2.140398000000000119e-08 2.305786999999999867e-08 2.412509000000000152e-08 2.366750999999999989e-08 2.071220000000000133e-08 1.679509000000000140e-08 1.296158000000000065e-08 9.561665999999999270e-09 6.694636000000000331e-09 4.350559999999999915e-09 2.475639999999999942e-09 1.002460000000000072e-09 -1.364339999999999964e-10 -1.003108999999999953e-09 -1.652031000000000041e-09 -2.130490000000000157e-09 -2.480162000000000064e-09 -2.738835000000000086e-09 -2.939224000000000148e-09 4.879882999999999619e-10 4.991438999999999973e-10 5.156444000000000480e-10 5.369829000000000359e-10 5.621629999999999746e-10 5.894690999999999533e-10 6.159461999999999549e-10 6.360855999999999650e-10 6.372730999999999673e-10 6.063813000000000306e-10 5.634359000000000064e-10 5.220665999999999888e-10 4.865814999999999497e-10 4.579824999999999744e-10 4.358888999999999918e-10 4.194029999999999940e-10 4.074999999999999887e-10 3.991967999999999899e-10 3.936154000000000137e-10 3.900005999999999819e-10 3.877058999999999836e-10 3.861764999999999744e-10 3.849512000000000200e-10 3.837119999999999773e-10 8.508530000000000137e-11 8.742031999999999761e-11 9.083292000000000349e-11 9.521862000000000004e-11 1.004035000000000013e-10 1.060389000000000013e-10 1.114374999999999965e-10 1.152882999999999978e-10 1.146391000000000017e-10 1.064266000000000029e-10 9.531669000000000227e-11 8.449053999999999876e-11 7.498192000000000570e-11 6.706793999999999422e-11 6.070360000000000480e-11 5.571793000000000309e-11 5.190257999999999956e-11 4.905104000000000058e-11 4.697350999999999742e-11 4.550134000000000249e-11 4.448802000000000050e-11 4.381598000000000289e-11 4.339879999999999881e-11 4.316941999999999924e-11 6.859335000000000074e-11 7.109418000000000595e-11 7.475074000000000103e-11 7.948320999999999813e-11 8.511090000000000643e-11 9.120870000000000010e-11 9.692690999999999497e-11 1.006786000000000012e-10 9.894369999999999975e-11 8.806275999999999462e-11 7.362860999999999438e-11 5.944690999999999877e-11 4.677529000000000071e-11 3.597529000000000311e-11 2.702196000000000131e-11 1.973539999999999848e-11 1.388617000000000080e-11 9.241929999999999577e-12 5.585995000000000171e-12 2.724501000000000126e-12 4.953810000000000275e-13 -1.221278000000000080e-12 -2.519925000000000089e-12 -3.494146999999999894e-12 1.002371000000000007e-10 1.038898000000000035e-10 1.092851999999999997e-10 1.163129000000000037e-10 1.246644999999999990e-10 1.336608000000000034e-10 1.420110999999999978e-10 1.473655999999999972e-10 1.445585000000000029e-10 1.281727999999999960e-10 1.064832000000000025e-10 8.509290999999999996e-11 6.588209000000000084e-11 4.941747000000000228e-11 3.568783000000000264e-11 2.444327999999999841e-11 1.535334999999999900e-11 8.078255999999999258e-12 2.298252000000000172e-12 -2.269627000000000180e-12 -5.854455000000000018e-12 -8.633667000000000596e-12 -1.076883999999999958e-11 -1.242200999999999949e-11
3.263282000000000196e-07 3.331241999999999966e-07 3.432232999999999788e-07 3.563903000000000066e-07 3.720768000000000194e-07 3.892812000000000143e-07 4.064912999999999866e-07 4.214677999999999884e-07 4.305175000000000035e-07 4.322505999999999756e-07 3.849358000000000157e-07 3.361420999999999855e-07 2.883022999999999862e-07 2.446797000000000148e-07 2.063597999999999921e-07 1.733882000000000014e-07 1.453575000000000097e-07 1.216930999999999954e-07 1.017918000000000049e-07 8.507732999999999411e-08 7.102959000000000308e-08 5.918749000000000320e-08 4.914166000000000171e-08 4.051988000000000297e-08 1.040847000000000056e-08 1.106213000000000014e-08 1.203130000000000001e-08 1.328613000000000073e-08 1.477002000000000066e-08 1.640446000000000024e-08 1.808607999999999965e-08 1.964008000000000152e-08 2.071220000000000133e-08 2.045260999999999933e-08 1.794510000000000165e-08 1.454900000000000011e-08 1.120282999999999987e-08 8.224250000000000008e-09 5.706751999999999775e-09 3.645438999999999864e-09 1.995370999999999809e-09 6.983882000000000513e-10 -3.042137999999999985e-10 -1.066624000000000018e-09 -1.636767999999999905e-09 -2.056384999999999822e-09 -2.362170999999999824e-09 -2.587675999999999864e-09 4.513132000000000024e-10 4.604403000000000070e-10 4.738944999999999914e-10 4.913071000000000394e-10 5.121856000000000102e-10 5.359057999999999673e-10 5.614207000000000277e-10 5.865121999999999508e-10 6.063813000000000306e-10 6.094735000000000461e-10 5.834612000000000407e-10 5.461368999999999817e-10 5.098023000000000480e-10 4.784100000000000054e-10 4.529380000000000235e-10 4.331074999999999956e-10 4.181614999999999937e-10 4.072153999999999977e-10 3.994135999999999782e-10 3.939884999999999883e-10 3.902777000000000119e-10 3.877112999999999989e-10 3.857968000000000155e-10 3.841231999999999997e-10 7.366998999999999677e-11 7.557726999999999993e-11 7.839782000000000370e-11 8.210369999999999638e-11 8.662006000000000280e-11 9.177955999999999672e-11 9.727351000000000079e-11 1.025308000000000033e-10 1.064266000000000029e-10 1.063065000000000015e-10 9.933369000000000504e-11 8.967153999999999617e-11 8.019303999999999370e-11 7.184143000000000562e-11 6.487808000000000298e-11 5.927253000000000573e-11 5.487910999999999879e-11 5.151645999999999877e-11 4.900356999999999816e-11 4.717332000000000078e-11 4.587641000000000283e-11 4.498258999999999847e-11 4.438733999999999734e-11 4.401411999999999865e-11 5.273629000000000086e-11 5.477104000000000125e-11 5.784472000000000154e-11 6.194906000000000341e-11 6.698012000000000238e-11 7.269888000000000456e-11 7.869462999999999908e-11 8.426117999999999781e-11 8.806275999999999462e-11 8.696378000000000045e-11 7.759390000000000282e-11 6.494941000000000123e-11 5.246582999999999759e-11 4.128637999999999800e-11 3.174696000000000309e-11 2.383434000000000121e-11 1.739399999999999959e-11 1.222525999999999995e-11 8.124160999999999758e-12 4.899476000000000155e-12 2.379430999999999860e-12 4.201456000000000167e-13 -1.084815999999999929e-12 -2.218779999999999963e-12 7.592400000000000324e-11 7.897162999999999719e-11 8.361565000000000066e-11 8.980788999999999488e-11 9.735009000000000529e-11 1.058556999999999962e-10 1.146906999999999972e-10 1.227876999999999874e-10 1.281727999999999960e-10 1.262587999999999911e-10 1.120738999999999965e-10 9.302018000000000603e-11 7.415599000000000419e-11 5.718589999999999688e-11 4.263004000000000280e-11 3.048742999999999907e-11 2.054160999999999975e-11 1.250235999999999925e-11 6.070865999999999670e-12 9.645284000000000162e-13 -3.067561999999999849e-12 -6.228096999999999973e-12 -8.674312999999999331e-12 -1.054957000000000066e-11
2.755135000000000007e-07 2.814115000000000182e-07 2.901523000000000193e-07 3.014553999999999903e-07 3.148208999999999918e-07 3.296545000000000089e-07 3.453704999999999889e-07 3.611719999999999998e-07 3.754539000000000027e-07 3.849358000000000157e-07 3.881974999999999793e-07 3.466087999999999928e-07 3.034456999999999999e-07 2.608573000000000207e-07 2.218563000000000012e-07 1.874821999999999952e-07 1.578219000000000032e-07 1.325450999999999922e-07 1.111581000000000006e-07 9.313306999999999342e-08 7.796337000000000020e-08 6.518681999999999555e-08 5.439198999999999841e-08 4.521530000000000122e-08 7.276476999999999956e-09 7.818048999999999996e-09 8.607381999999999921e-09 9.610967000000000235e-09 1.079659000000000066e-08 1.214773000000000061e-08 1.365011000000000013e-08 1.525007999999999993e-08 1.679509000000000140e-08 1.794510000000000165e-08 1.789745999999999912e-08 1.578254999999999861e-08 1.282231000000000015e-08 9.874246000000000273e-09 7.234308999999999694e-09 4.994261000000000400e-09 3.154823000000000201e-09 1.679110999999999911e-09 5.173177000000000198e-10 -3.818537000000000211e-10 -1.066153999999999915e-09 -1.577811999999999969e-09 -1.953866999999999866e-09 -2.227411000000000178e-09 4.266605999999999876e-10 4.336950000000000207e-10 4.439259000000000231e-10 4.571511000000000076e-10 4.733319000000000454e-10 4.925375999999999970e-10 5.146654999999999533e-10 5.389825000000000048e-10 5.634359000000000064e-10 5.834612000000000407e-10 5.882410000000000369e-10 5.661538000000000266e-10 5.332381000000000262e-10 5.007623999999999747e-10 4.724294000000000064e-10 4.492243000000000014e-10 4.309669999999999863e-10 4.170237000000000144e-10 4.066303000000000139e-10 3.990379999999999821e-10 3.935690999999999887e-10 3.896340999999999915e-10 3.867227999999999976e-10 3.843892000000000068e-10 6.510375000000000640e-11 6.658472000000000186e-11 6.882770000000000004e-11 7.182618000000000404e-11 7.554259000000000073e-11 7.991733999999999640e-11 8.485465000000000538e-11 9.014679000000000185e-11 9.531669000000000227e-11 9.933369000000000504e-11 9.972837000000000352e-11 9.382663999999999974e-11 8.537639999999999636e-11 7.700264999999999723e-11 6.958268000000000295e-11 6.337225999999999598e-11 5.835782000000000104e-11 5.441762000000000052e-11 5.139463999999999960e-11 4.912979999999999691e-11 4.747486999999999883e-11 4.629667000000000128e-11 4.547836999999999698e-11 4.492587000000000070e-11 4.026335000000000009e-11 4.189810000000000057e-11 4.443752999999999957e-11 4.786167999999999726e-11 5.208606999999999760e-11 5.699546999999999928e-11 6.244506999999999900e-11 6.817677000000000051e-11 7.362860999999999438e-11 7.759390000000000282e-11 7.715972000000000153e-11 6.914660999999999631e-11 5.804816999999999942e-11 4.699895999999999990e-11 3.705860999999999813e-11 2.855147999999999902e-11 2.148066999999999878e-11 1.571781000000000086e-11 1.108925000000000064e-11 7.415915999999999881e-12 4.528308000000000176e-12 2.272760000000000102e-12 5.205503000000000099e-13 -8.231969999999999506e-13 5.674726999999999878e-11 5.931001000000000569e-11 6.323413000000000371e-11 6.845658000000000515e-11 7.482978000000000389e-11 8.216479999999999579e-11 9.022572000000000584e-11 9.861142000000000150e-11 1.064832000000000025e-10 1.120738999999999965e-10 1.111299999999999952e-10 9.896104999999999866e-11 8.222009999999999456e-11 6.551612000000000619e-11 5.042370000000000213e-11 3.744109999999999724e-11 2.658844999999999905e-11 1.768633999999999954e-11 1.048364999999999926e-11 4.717835999999999730e-12 1.386708000000000113e-13 -3.477947000000000023e-12 -6.312667000000000288e-12 -8.504918000000000132e-12
