1.624992000000000103e-06 1.307620999999999927e-06 1.034396000000000099e-06 8.125182000000000077e-07 6.386599999999999762e-07 5.042755000000000477e-07 4.009646000000000222e-07 3.217479999999999771e-07 2.611212000000000102e-07 2.146821000000000083e-07 1.784765000000000034e-07 1.486040999999999906e-07 1.218083999999999964e-07 9.632482000000000610e-08 7.207901000000000295e-08 5.024885999999999723e-08 3.216146000000000032e-08 1.832881000000000053e-08 8.401384000000000236e-09 1.072271000000000033e-07 8.531602999999999743e-08 6.350892000000000406e-08 4.594980000000000029e-08 3.258421999999999980e-08 2.266427000000000036e-08 1.541787000000000106e-08 1.019974000000000018e-08 6.496081000000000080e-09 3.874025000000000175e-09 1.931292999999999981e-09 3.287125999999999966e-10 -1.131169999999999931e-09 -2.484598999999999973e-09 -3.643526000000000101e-09 -4.490629999999999826e-09 -4.978989000000000083e-09 -5.146428000000000170e-09 -5.071944999999999694e-09 1.589069999999999973e-09 1.311950999999999909e-09 1.041312999999999917e-09 8.306633000000000219e-10 6.774042999999999828e-10 5.701776999999999800e-10 4.977685999999999968e-10 4.509160999999999769e-10 4.221470000000000106e-10 4.051710000000000167e-10 3.947523000000000162e-10 3.871849000000000120e-10 3.806655000000000024e-10 3.751249000000000040e-10 3.714270999999999839e-10 3.702836999999999773e-10 3.716539999999999865e-10 3.748523000000000126e-10 3.789506999999999847e-10 3.580281999999999983e-10 2.922388999999999761e-10 2.272202000000000039e-10 1.754570000000000074e-10 1.365427999999999889e-10 1.080699999999999949e-10 8.761828999999999864e-11 7.313482000000000078e-11 6.295992000000000058e-11 5.581916000000000063e-11 5.072146000000000307e-11 4.690739000000000173e-11 4.388704999999999968e-11 4.142267000000000085e-11 3.949108000000000059e-11 3.819860000000000083e-11 3.762820999999999765e-11 3.774025999999999857e-11 3.839086000000000147e-11 4.064785000000000145e-10 3.269770000000000177e-10 2.478970000000000178e-10 1.841557000000000127e-10 1.353938000000000066e-10 9.887000999999999626e-11 7.177844000000000086e-11 5.172001000000000269e-11 3.683978000000000118e-11 2.577977999999999943e-11 1.745995000000000054e-11 1.098131000000000059e-11 5.631635000000000368e-12 9.686028999999999904e-13 -3.104447999999999819e-12 -6.421222999999999689e-12 -8.788988000000000152e-12 -1.017279999999999963e-11 -1.070040000000000073e-11 6.054987999999999564e-10 4.875668000000000166e-10 3.699646999999999808e-10 2.747088000000000058e-10 2.014435000000000086e-10 1.462503000000000042e-10 1.050363000000000031e-10 7.433576999999999961e-11 5.152686999999999812e-11 3.462568000000000155e-11 2.200086999999999973e-11 1.221506000000000066e-11 4.051555000000000097e-12 -3.235698000000000093e-12 -9.791155999999999361e-12 -1.532512000000000084e-11 -1.948239999999999946e-11 -2.213770000000000088e-11 -2.343543999999999975e-11
1.307620999999999927e-06 1.237928999999999994e-06 1.017966999999999973e-06 8.177883999999999856e-07 6.506206999999999835e-07 5.172750999999999968e-07 4.129701000000000168e-07 3.321394999999999944e-07 2.697167999999999949e-07 2.211180000000000084e-07 1.821000999999999883e-07 1.493043999999999933e-07 1.207847999999999951e-07 9.558520999999999939e-08 7.306866000000000149e-08 5.296090000000000144e-08 3.562603000000000048e-08 2.163724000000000086e-08 1.112707000000000012e-08 8.531602999999999743e-08 7.761876000000000463e-08 6.243369999999999876e-08 4.682371999999999969e-08 3.395901000000000307e-08 2.403483999999999845e-08 1.662090000000000161e-08 1.119266000000000051e-08 7.254310000000000357e-09 4.350891999999999868e-09 2.112717999999999900e-09 3.136987999999999921e-10 -1.158141000000000002e-09 -2.374318999999999812e-09 -3.379101999999999856e-09 -4.159617000000000030e-09 -4.672215999999999782e-09 -4.907080999999999880e-09 -4.904479000000000099e-09 1.311950999999999909e-09 1.221744999999999900e-09 1.036607000000000079e-09 8.491491000000000326e-10 7.003376000000000446e-10 5.913844999999999651e-10 5.154465999999999641e-10 4.646277000000000188e-10 4.316533000000000215e-10 4.104349000000000092e-10 3.965702999999999990e-10 3.873276999999999859e-10 3.810536999999999825e-10 3.767305999999999853e-10 3.739731000000000080e-10 3.729022999999999831e-10 3.736426000000000162e-10 3.759391999999999998e-10 3.791874000000000093e-10 2.922388999999999761e-10 2.697908000000000027e-10 2.247051000000000071e-10 1.785744999999999968e-10 1.409910000000000046e-10 1.123815999999999968e-10 9.128884999999999749e-11 7.600780999999999377e-11 6.506656999999999868e-11 5.726738999999999879e-11 5.162363999999999954e-11 4.740405999999999703e-11 4.419005000000000112e-11 4.178042999999999952e-11 4.004126000000000179e-11 3.888991999999999995e-11 3.831329999999999993e-11 3.830362000000000193e-11 3.879126999999999895e-11 3.269770000000000177e-10 2.991575999999999886e-10 2.439041000000000201e-10 1.870405000000000119e-10 1.400383999999999959e-10 1.034807999999999975e-10 7.570884000000000519e-11 5.483233999999999979e-11 3.925731999999999938e-11 2.761762000000000001e-11 1.870294000000000149e-11 1.161280999999999926e-11 5.866596999999999948e-12 1.208778000000000082e-12 -2.573858000000000159e-12 -5.609294999999999880e-12 -7.887771000000000601e-12 -9.359427999999999891e-12 -1.005574000000000012e-11 4.875668000000000166e-10 4.458475999999999752e-10 3.634696000000000142e-10 2.785791000000000063e-10 2.080819000000000050e-10 1.529280999999999974e-10 1.107989999999999991e-10 7.904275000000000345e-11 5.532416000000000001e-11 3.756034999999999919e-11 2.392205000000000064e-11 1.307154999999999957e-11 4.233302999999999860e-12 -3.062259000000000149e-12 -9.150000999999999353e-12 -1.418957999999999981e-11 -1.813312000000000099e-11 -2.086880000000000010e-11 -2.240292999999999974e-11
1.034396000000000099e-06 1.017966999999999973e-06 9.735440000000000254e-07 8.148047000000000196e-07 6.640204000000000079e-07 5.349135000000000074e-07 4.302551000000000025e-07 3.473885999999999930e-07 2.821008000000000084e-07 2.299183000000000108e-07 1.871013000000000053e-07 1.512930000000000035e-07 1.212129999999999883e-07 9.595882999999999794e-08 7.459176999999999666e-08 5.613569000000000098e-08 3.997974000000000116e-08 2.619118000000000054e-08 1.512882000000000153e-08 6.350892000000000406e-08 6.243369999999999876e-08 5.769276000000000210e-08 4.705795000000000085e-08 3.560009999999999993e-08 2.592943000000000152e-08 1.836455000000000148e-08 1.263729000000000073e-08 8.322346999999999778e-09 5.019296999999999692e-09 2.453501000000000170e-09 4.674239000000000282e-10 -1.045927999999999906e-09 -2.188360000000000082e-09 -3.063854999999999859e-09 -3.748282999999999928e-09 -4.254015000000000224e-09 -4.554840999999999864e-09 -4.644838000000000044e-09 1.041312999999999917e-09 1.036607000000000079e-09 9.871272000000000196e-10 8.625475000000000140e-10 7.293208999999999976e-10 6.211881000000000172e-10 5.411260000000000399e-10 4.845340000000000144e-10 4.454123000000000254e-10 4.186812999999999964e-10 4.007976000000000119e-10 3.893802000000000157e-10 3.826117000000000096e-10 3.789026000000000063e-10 3.769731999999999778e-10 3.761489999999999798e-10 3.763374000000000140e-10 3.775813999999999841e-10 3.796871000000000154e-10 2.272202000000000039e-10 2.247051000000000071e-10 2.112863000000000110e-10 1.800255000000000108e-10 1.464219000000000080e-10 1.183350999999999908e-10 9.655916999999999961e-11 8.025497999999999979e-11 6.826797999999999766e-11 5.949600999999999864e-11 5.305488999999999912e-11 4.832563000000000034e-11 4.488902000000000253e-11 4.245861000000000017e-11 4.082032999999999758e-11 3.978616999999999828e-11 3.922854000000000038e-11 3.910438000000000104e-11 3.939517999999999734e-11 2.478970000000000178e-10 2.439041000000000201e-10 2.265385999999999936e-10 1.875661000000000023e-10 1.455102999999999892e-10 1.097538999999999983e-10 8.137393000000000605e-11 5.953928999999999923e-11 4.295556000000000200e-11 3.029867000000000261e-11 2.047270999999999870e-11 1.272629999999999920e-11 6.609514000000000063e-12 1.856035000000000179e-12 -1.780450999999999923e-12 -4.571180000000000319e-12 -6.703729999999999749e-12 -8.219774000000000514e-12 -9.101821000000000663e-12 3.699646999999999808e-10 3.634696000000000142e-10 3.371115999999999797e-10 2.787684000000000173e-10 2.157775000000000079e-10 1.620000999999999894e-10 1.191819999999999871e-10 8.616087000000000100e-11 6.099974999999999400e-11 4.170956000000000186e-11 2.663950000000000013e-11 1.466381999999999921e-11 5.142703000000000003e-12 -2.324132000000000057e-12 -8.147741000000000350e-12 -1.274566000000000004e-11 -1.638578000000000129e-11 -1.911753000000000003e-11 -2.089330000000000024e-11
8.125182000000000077e-07 8.177883999999999856e-07 8.148047000000000196e-07 7.895016000000000026e-07 6.707780999999999652e-07 5.538057999999999654e-07 4.513528000000000207e-07 3.665852999999999997e-07 2.974495999999999850e-07 2.407580999999999832e-07 1.939964999999999994e-07 1.554930999999999936e-07 1.239654999999999992e-07 9.823550000000000638e-08 7.715905000000000561e-08 5.961333999999999507e-08 4.456932999999999957e-08 3.140568000000000068e-08 2.014573000000000049e-08 4.594980000000000029e-08 4.682371999999999969e-08 4.705795000000000085e-08 4.436403999999999893e-08 3.671427999999999701e-08 2.803326000000000045e-08 2.050519000000000165e-08 1.443994999999999954e-08 9.658189000000000220e-09 5.921368999999999883e-09 3.043340999999999862e-09 8.739934999999999763e-10 -7.231808000000000262e-10 -1.876110000000000049e-09 -2.704185000000000004e-09 -3.314925999999999808e-09 -3.781193999999999878e-09 -4.115400000000000078e-09 -4.293673999999999746e-09 8.306633000000000219e-10 8.491491000000000326e-10 8.625475000000000140e-10 8.399451999999999999e-10 7.538195999999999639e-10 6.554405000000000177e-10 5.729544000000000289e-10 5.098266999999999679e-10 4.635430999999999893e-10 4.307501999999999980e-10 4.085124999999999891e-10 3.943515999999999806e-10 3.861181000000000214e-10 3.819190999999999824e-10 3.801126999999999751e-10 3.794532000000000044e-10 3.793178999999999915e-10 3.796462000000000057e-10 3.805262999999999870e-10 1.754570000000000074e-10 1.785744999999999968e-10 1.800255000000000108e-10 1.727528000000000117e-10 1.504158999999999944e-10 1.249673000000000013e-10 1.030793999999999972e-10 8.576257999999999947e-11 7.252682999999999945e-11 6.257359999999999421e-11 5.520168000000000112e-11 4.986239999999999885e-11 4.610376000000000024e-11 4.353777999999999707e-11 4.185794999999999735e-11 4.083321000000000105e-11 4.027724999999999784e-11 4.007199000000000200e-11 4.018155000000000017e-11 1.841557000000000127e-10 1.870405000000000119e-10 1.875661000000000023e-10 1.773791000000000094e-10 1.489375999999999893e-10 1.165977000000000067e-10 8.842211999999999926e-11 6.568773000000000287e-11 4.781948999999999903e-11 3.385047999999999734e-11 2.295180000000000081e-11 1.450264000000000049e-11 8.007717000000000421e-12 3.066061999999999906e-12 -6.264493999999999782e-13 -3.346976999999999825e-12 -5.367287000000000130e-12 -6.866859999999999681e-12 -7.886095999999999803e-12 2.747088000000000058e-10 2.785791000000000063e-10 2.787684000000000173e-10 2.630390999999999752e-10 2.203241000000000095e-10 1.718942000000000080e-10 1.296196999999999955e-10 9.538395000000000333e-11 6.834774000000000256e-11 4.708356999999999988e-11 3.035726999999999995e-11 1.725416999999999856e-11 7.072363999999999853e-12 -7.331510999999999899e-13 -6.617213999999999717e-12 -1.104266000000000053e-11 -1.443942000000000028e-11 -1.707393999999999863e-11 -1.900030000000000094e-11
6.386599999999999762e-07 6.506206999999999835e-07 6.640204000000000079e-07 6.707780999999999652e-07 6.585380000000000170e-07 5.667998000000000353e-07 4.729195000000000149e-07 3.878678000000000051e-07 3.149721000000000150e-07 2.539367000000000030e-07 2.036117999999999995e-07 1.626130000000000017e-07 1.294789999999999910e-07 1.027943999999999957e-07 8.127110000000000569e-08 6.375991000000000094e-08 4.920950999999999792e-08 3.669787999999999694e-08 2.568353999999999918e-08 3.258421999999999980e-08 3.395901000000000307e-08 3.560009999999999993e-08 3.671427999999999701e-08 3.534074000000000177e-08 2.963208999999999916e-08 2.271900999999999970e-08 1.646327999999999984e-08 1.126408999999999972e-08 7.132689999999999695e-09 3.955711999999999998e-09 1.578756000000000002e-09 -1.567197999999999906e-10 -1.395325999999999944e-09 -2.262535999999999889e-09 -2.867524000000000075e-09 -3.304620000000000113e-09 -3.635938999999999845e-09 -3.869298999999999958e-09 6.774042999999999828e-10 7.003376000000000446e-10 7.293208999999999976e-10 7.538195999999999639e-10 7.472862999999999695e-10 6.846278999999999949e-10 6.071070999999999910e-10 5.394318000000000231e-10 4.864466999999999928e-10 4.475487000000000202e-10 4.205307000000000107e-10 4.028581000000000070e-10 3.921403999999999748e-10 3.862997000000000076e-10 3.835851999999999856e-10 3.825468000000000009e-10 3.821245000000000074e-10 3.818240999999999947e-10 3.816545999999999882e-10 1.365427999999999889e-10 1.409910000000000046e-10 1.464219000000000080e-10 1.504158999999999944e-10 1.468989999999999960e-10 1.302013000000000010e-10 1.100582999999999936e-10 9.222510000000000292e-11 7.779055000000000441e-11 6.661699000000000572e-11 5.825159999999999869e-11 5.218724999999999859e-11 4.793840999999999788e-11 4.506708999999999957e-11 4.319926000000000267e-11 4.204974999999999740e-11 4.141234000000000244e-11 4.112709999999999749e-11 4.109749999999999689e-11 1.353938000000000066e-10 1.400383999999999959e-10 1.455102999999999892e-10 1.489375999999999893e-10 1.431957000000000063e-10 1.216320999999999950e-10 9.590451999999999816e-11 7.283767000000000300e-11 5.371290000000000148e-11 3.839035999999999718e-11 2.638331000000000141e-11 1.714514999999999869e-11 1.014346999999999979e-11 4.890737999999999875e-12 9.856859000000000702e-13 -1.866437000000000158e-12 -3.919770999999999737e-12 -5.413338000000000092e-12 -6.499619999999999723e-12 2.014435000000000086e-10 2.080819000000000050e-10 2.157775000000000079e-10 2.203241000000000095e-10 2.113575000000000118e-10 1.790713999999999892e-10 1.406160999999999990e-10 1.060001000000000019e-10 7.713462999999999361e-11 5.384006000000000071e-11 3.542628999999999808e-11 2.111828999999999886e-11 1.015590999999999969e-11 1.844700000000000006e-12 -4.378820999999999886e-12 -8.967335000000000382e-12 -1.235104999999999996e-11 -1.491239000000000003e-11 -1.688034999999999925e-11
5.042755000000000477e-07 5.172750999999999968e-07 5.349135000000000074e-07 5.538057999999999654e-07 5.667998000000000353e-07 5.626303000000000323e-07 4.880538999999999919e-07 4.082340000000000012e-07 3.339890000000000137e-07 2.698797999999999944e-07 2.165372000000000128e-07 1.730403999999999882e-07 1.379572000000000066e-07 1.098029999999999940e-07 8.722329000000000600e-08 6.904058999999999764e-08 5.423801999999999878e-08 4.189912999999999860e-08 3.122404999999999828e-08 2.266427000000000036e-08 2.403483999999999845e-08 2.592943000000000152e-08 2.803326000000000045e-08 2.963208999999999916e-08 2.897018999999999837e-08 2.436196000000000052e-08 1.850056999999999994e-08 1.313131999999999969e-08 8.698268999999999258e-09 5.228246000000000394e-09 2.603468000000000092e-09 6.699597000000000393e-10 -7.206825000000000081e-10 -1.697569999999999960e-09 -2.369662999999999988e-09 -2.830583999999999994e-09 -3.160540999999999829e-09 -3.411391000000000054e-09 5.701776999999999800e-10 5.913844999999999651e-10 6.211881000000000172e-10 6.554405000000000177e-10 6.846278999999999949e-10 6.854393999999999771e-10 6.357231000000000089e-10 5.710666000000000264e-10 5.140167999999999615e-10 4.695628999999999730e-10 4.373333999999999758e-10 4.152825999999999882e-10 4.010683000000000180e-10 3.925460000000000215e-10 3.879047000000000243e-10 3.856490999999999789e-10 3.845561999999999919e-10 3.837473999999999915e-10 3.828443999999999999e-10 1.080699999999999949e-10 1.123815999999999968e-10 1.183350999999999908e-10 1.249673000000000013e-10 1.302013000000000010e-10 1.288064000000000082e-10 1.156714999999999996e-10 9.898705999999999483e-11 8.393166000000000307e-11 7.170852000000000230e-11 6.232800000000000180e-11 5.541116000000000317e-11 5.048863000000000234e-11 4.711184000000000174e-11 4.488643999999999953e-11 4.348345000000000249e-11 4.265699999999999807e-11 4.223294000000000321e-11 4.207810999999999952e-11 9.887000999999999626e-11 1.034807999999999975e-10 1.097538999999999983e-10 1.165977000000000067e-10 1.216320999999999950e-10 1.186750000000000064e-10 1.015979999999999991e-10 8.013576999999999510e-11 6.044872000000000620e-11 4.402086999999999840e-11 3.093518000000000148e-11 2.080259000000000093e-11 1.311099000000000006e-11 7.357654999999999510e-12 3.094870999999999890e-12 -3.639097999999999717e-14 -2.293040999999999862e-12 -3.892458000000000215e-12 -5.038379000000000013e-12 1.462503000000000042e-10 1.529280999999999974e-10 1.620000999999999894e-10 1.718942000000000080e-10 1.790713999999999892e-10 1.744080000000000041e-10 1.488350999999999889e-10 1.166971000000000012e-10 8.704896999999999920e-11 6.212551000000000232e-11 4.211128999999999877e-11 2.647970999999999926e-11 1.450229000000000040e-11 5.447886999999999604e-12 -1.333871999999999994e-12 -6.354472999999999797e-12 -1.001221000000000061e-11 -1.267908000000000054e-11 -1.468356000000000130e-11
4.009646000000000222e-07 4.129701000000000168e-07 4.302551000000000025e-07 4.513528000000000207e-07 4.729195000000000149e-07 4.880538999999999919e-07 4.866486999999999761e-07 4.224563000000000107e-07 3.529439999999999872e-07 2.883537999999999784e-07 2.328529000000000085e-07 1.868754999999999981e-07 1.494863999999999879e-07 1.193645999999999888e-07 9.518928000000000281e-08 7.577928000000000304e-08 6.011744000000000287e-08 4.732624000000000014e-08 3.661270999999999857e-08 1.541787000000000106e-08 1.662090000000000161e-08 1.836455000000000148e-08 2.050519000000000165e-08 2.271900999999999970e-08 2.436196000000000052e-08 2.395842000000000007e-08 2.009068000000000160e-08 1.512241999999999957e-08 1.058528999999999995e-08 6.858062000000000011e-09 3.954592999999999808e-09 1.768478999999999968e-09 1.661079000000000112e-10 -9.795819000000000292e-10 -1.778639000000000066e-09 -2.323578000000000142e-09 -2.694126999999999955e-09 -2.958814999999999982e-09 4.977685999999999968e-10 5.154465999999999641e-10 5.411260000000000399e-10 5.729544000000000289e-10 6.071070999999999910e-10 6.357231000000000089e-10 6.392974999999999836e-10 5.986014000000000129e-10 5.443877000000000101e-10 4.963960000000000299e-10 4.589985000000000048e-10 4.318638000000000178e-10 4.132256000000000232e-10 4.010832000000000114e-10 3.936164000000000223e-10 3.892939999999999897e-10 3.868540999999999762e-10 3.852656999999999779e-10 3.837909999999999830e-10 8.761828999999999864e-11 9.128884999999999749e-11 9.655916999999999961e-11 1.030793999999999972e-10 1.100582999999999936e-10 1.156714999999999996e-10 1.153407999999999958e-10 1.045629000000000055e-10 9.049327999999999586e-11 7.775790999999999375e-11 6.745252999999999713e-11 5.958721000000000293e-11 5.382488000000000077e-11 4.975459000000000277e-11 4.698781999999999920e-11 4.518513000000000095e-11 4.406444999999999769e-11 4.341636000000000262e-11 4.309366000000000280e-11 7.177844000000000086e-11 7.570884000000000519e-11 8.137393000000000605e-11 8.842211999999999926e-11 9.590451999999999816e-11 1.015979999999999991e-10 1.000204000000000055e-10 8.579319000000000150e-11 6.748494999999999711e-11 5.064661000000000203e-11 3.664256000000000012e-11 2.554295999999999924e-11 1.699267000000000094e-11 1.053606000000000024e-11 5.732387999999999626e-12 2.193093000000000014e-12 -3.904402000000000149e-13 -2.236424000000000165e-12 -3.530287000000000182e-12 1.050363000000000031e-10 1.107989999999999991e-10 1.191819999999999871e-10 1.296196999999999955e-10 1.406160999999999990e-10 1.488350999999999889e-10 1.462111999999999996e-10 1.248049000000000092e-10 9.726906999999999682e-11 7.180061999999999622e-11 5.047328000000000119e-11 3.344415000000000103e-11 2.021970999999999968e-11 1.014040999999999920e-11 2.558586000000000019e-12 -3.093013999999999850e-12 -7.254750000000000364e-12 -1.026661999999999932e-11 -1.244852999999999926e-11
3.217479999999999771e-07 3.321394999999999944e-07 3.473885999999999930e-07 3.665852999999999997e-07 3.878678000000000051e-07 4.082340000000000012e-07 4.224563000000000107e-07 4.225849000000000030e-07 3.675314999999999979e-07 3.076830999999999819e-07 2.519253999999999961e-07 2.039103000000000071e-07 1.640468000000000022e-07 1.315532999999999899e-07 1.053114000000000042e-07 8.419524000000000424e-08 6.719280000000000065e-08 5.342879999999999731e-08 4.214287000000000049e-08 1.019974000000000018e-08 1.119266000000000051e-08 1.263729000000000073e-08 1.443994999999999954e-08 1.646327999999999984e-08 1.850056999999999994e-08 2.009068000000000160e-08 1.996311000000000015e-08 1.680012999999999997e-08 1.262711999999999972e-08 8.786463000000000412e-09 5.618745999999999821e-09 3.145605999999999818e-09 1.281514000000000089e-09 -8.506045999999999559e-11 -1.061341999999999994e-09 -1.740904999999999997e-09 -2.202807000000000043e-09 -2.515419000000000079e-09 4.509160999999999769e-10 4.646277000000000188e-10 4.845340000000000144e-10 5.098266999999999679e-10 5.394318000000000231e-10 5.710666000000000264e-10 5.986014000000000129e-10 6.047887000000000376e-10 5.717562000000000278e-10 5.259990000000000362e-10 4.849498000000000038e-10 4.526238999999999863e-10 4.288861000000000023e-10 4.123039999999999961e-10 4.012063000000000128e-10 3.940565999999999832e-10 3.895555000000000100e-10 3.866234000000000031e-10 3.843702999999999791e-10 7.313482000000000078e-11 7.600780999999999377e-11 8.025497999999999979e-11 8.576257999999999947e-11 9.222510000000000292e-11 9.898705999999999483e-11 1.045629000000000055e-10 1.049857999999999964e-10 9.616391000000000237e-11 8.430163000000000618e-11 7.348426999999999744e-11 6.470248999999999646e-11 5.798952999999999837e-11 5.306846000000000024e-11 4.959247999999999711e-11 4.723066000000000102e-11 4.569179999999999803e-11 4.473241999999999813e-11 4.417196000000000154e-11 5.172001000000000269e-11 5.483233999999999979e-11 5.953928999999999923e-11 6.568773000000000287e-11 7.283767000000000300e-11 8.013576999999999510e-11 8.579319000000000150e-11 8.512352999999999484e-11 7.328665999999999743e-11 5.772565000000000011e-11 4.333732999999999907e-11 3.134486999999999869e-11 2.183169000000000025e-11 1.450342999999999932e-11 8.973783000000000275e-12 4.866383000000000228e-12 1.847466000000000117e-12 -3.490794000000000201e-13 -1.910627999999999965e-12 7.433576999999999961e-11 7.904275000000000345e-11 8.616087000000000100e-11 9.538395000000000333e-11 1.060001000000000019e-10 1.166971000000000012e-10 1.248049000000000092e-10 1.234542999999999983e-10 1.055361999999999953e-10 8.206144000000000298e-11 6.025787999999999809e-11 4.197191000000000225e-11 2.736308999999999988e-11 1.601780999999999918e-11 7.374673000000000640e-12 8.793646000000000313e-13 -3.955606000000000058e-12 -7.508816000000000021e-12 -1.007249000000000003e-11
2.611212000000000102e-07 2.697167999999999949e-07 2.821008000000000084e-07 2.974495999999999850e-07 3.149721000000000150e-07 3.339890000000000137e-07 3.529439999999999872e-07 3.675314999999999979e-07 3.702995000000000132e-07 3.235332000000000002e-07 2.719345999999999845e-07 2.234354000000000103e-07 1.814226999999999931e-07 1.463822999999999965e-07 1.177098000000000023e-07 9.447266999999999570e-08 7.571234999999999570e-08 6.055603000000000600e-08 4.824789999999999755e-08 6.496081000000000080e-09 7.254310000000000357e-09 8.322346999999999778e-09 9.658189000000000220e-09 1.126408999999999972e-08 1.313131999999999969e-08 1.512241999999999957e-08 1.680012999999999997e-08 1.697299999999999919e-08 1.439589000000000001e-08 1.084871000000000027e-08 7.541186999999999552e-09 4.793470999999999897e-09 2.637854999999999883e-09 1.007463000000000081e-09 -1.907766999999999943e-10 -1.048112999999999935e-09 -1.644779999999999980e-09 -2.049578999999999959e-09 4.221470000000000106e-10 4.316533000000000215e-10 4.454123000000000254e-10 4.635430999999999893e-10 4.864466999999999928e-10 5.140167999999999615e-10 5.443877000000000101e-10 5.717562000000000278e-10 5.801511999999999766e-10 5.528591000000000146e-10 5.132471999999999976e-10 4.770737000000000294e-10 4.481568999999999747e-10 4.265582000000000191e-10 4.111269999999999804e-10 4.004588999999999911e-10 3.932385999999999970e-10 3.883395000000000216e-10 3.848138999999999898e-10 6.295992000000000058e-11 6.506656999999999868e-11 6.826797999999999766e-11 7.252682999999999945e-11 7.779055000000000441e-11 8.393166000000000307e-11 9.049327999999999586e-11 9.616391000000000237e-11 9.730524999999999597e-11 9.008612000000000510e-11 7.996450000000000081e-11 7.061880000000000278e-11 6.297752999999999449e-11 5.710602999999999956e-11 5.278256000000000203e-11 4.971482999999999850e-11 4.761842999999999786e-11 4.624037000000000040e-11 4.536738999999999981e-11 3.683978000000000118e-11 3.925731999999999938e-11 4.295556000000000200e-11 4.781948999999999903e-11 5.371290000000000148e-11 6.044872000000000620e-11 6.748494999999999711e-11 7.328665999999999743e-11 7.356517000000000126e-11 6.377994999999999542e-11 5.046897000000000119e-11 3.803236000000000214e-11 2.760842000000000122e-11 1.931072000000000115e-11 1.290529000000000064e-11 8.067204999999999854e-12 4.473063000000000042e-12 1.832665999999999817e-12 -8.582298999999999870e-14 5.152686999999999812e-11 5.532416000000000001e-11 6.099974999999999400e-11 6.834774000000000256e-11 7.713462999999999361e-11 8.704896999999999920e-11 9.726906999999999682e-11 1.055361999999999953e-10 1.055801000000000049e-10 9.072603000000000211e-11 7.063315999999999465e-11 5.178402000000000173e-11 3.588858999999999864e-11 2.314444000000000109e-11 1.322392000000000006e-11 5.654983000000000321e-12 -3.820562000000000175e-14 -4.278509999999999709e-12 -7.393816999999999573e-12
2.146821000000000083e-07 2.211180000000000084e-07 2.299183000000000108e-07 2.407580999999999832e-07 2.539367000000000030e-07 2.698797999999999944e-07 2.883537999999999784e-07 3.076830999999999819e-07 3.235332000000000002e-07 3.287956000000000064e-07 2.887572000000000070e-07 2.437351999999999894e-07 2.009778000000000038e-07 1.636944999999999972e-07 1.324444000000000130e-07 1.067691000000000002e-07 8.588547000000000203e-08 6.897313000000000003e-08 5.527906999999999738e-08 3.874025000000000175e-09 4.350891999999999868e-09 5.019296999999999692e-09 5.921368999999999883e-09 7.132689999999999695e-09 8.698268999999999258e-09 1.058528999999999995e-08 1.262711999999999972e-08 1.439589000000000001e-08 1.478935000000000001e-08 1.264961000000000053e-08 9.573436000000000771e-09 6.666821000000000257e-09 4.233749999999999778e-09 2.314795999999999872e-09 8.575726999999999993e-10 -2.163096000000000023e-10 -9.859022999999999859e-10 -1.521759999999999923e-09 4.051710000000000167e-10 4.104349000000000092e-10 4.186812999999999964e-10 4.307501999999999980e-10 4.475487000000000202e-10 4.695628999999999730e-10 4.963960000000000299e-10 5.259990000000000362e-10 5.528591000000000146e-10 5.623049999999999520e-10 5.388549999999999967e-10 5.035028000000000327e-10 4.706786000000000418e-10 4.440355999999999923e-10 4.237826999999999908e-10 4.089827000000000005e-10 3.984304999999999922e-10 3.909731000000000010e-10 3.856098000000000140e-10 5.581916000000000063e-11 5.726738999999999879e-11 5.949600999999999864e-11 6.257359999999999421e-11 6.661699000000000572e-11 7.170852000000000230e-11 7.775790999999999375e-11 8.430163000000000618e-11 9.008612000000000510e-11 9.175087999999999729e-11 8.573073999999999826e-11 7.691816999999999475e-11 6.867342000000000365e-11 6.187719999999999649e-11 5.662062000000000315e-11 5.272509999999999715e-11 4.994081999999999924e-11 4.801977000000000229e-11 4.673901000000000200e-11 2.577977999999999943e-11 2.761762000000000001e-11 3.029867000000000261e-11 3.385047999999999734e-11 3.839035999999999718e-11 4.402086999999999840e-11 5.064661000000000203e-11 5.772565000000000011e-11 6.377994999999999542e-11 6.483520000000000065e-11 5.665583999999999742e-11 4.509568999999999805e-11 3.416978999999999833e-11 2.495423000000000079e-11 1.758884000000000000e-11 1.188756000000000069e-11 7.573430000000000375e-12 4.365386999999999724e-12 2.008537000000000128e-12 3.462568000000000155e-11 3.756034999999999919e-11 4.170956000000000186e-11 4.708356999999999988e-11 5.384006000000000071e-11 6.212551000000000232e-11 7.180061999999999622e-11 8.206144000000000298e-11 9.072603000000000211e-11 9.196735000000000192e-11 7.954580999999999748e-11 6.210252000000000466e-11 4.554925000000000041e-11 3.149982999999999988e-11 2.018746000000000090e-11 1.135416999999999987e-11 4.598842000000000166e-12 -4.907355000000000146e-13 -4.284760999999999780e-12
1.784765000000000034e-07 1.821000999999999883e-07 1.871013000000000053e-07 1.939964999999999994e-07 2.036117999999999995e-07 2.165372000000000128e-07 2.328529000000000085e-07 2.519253999999999961e-07 2.719345999999999845e-07 2.887572000000000070e-07 2.957978000000000019e-07 2.610040000000000255e-07 2.211552000000000082e-07 1.829402000000000065e-07 1.494117000000000117e-07 1.211780000000000015e-07 9.789640999999999695e-08 7.890974000000000631e-08 6.350148999999999802e-08 1.931292999999999981e-09 2.112717999999999900e-09 2.453501000000000170e-09 3.043340999999999862e-09 3.955711999999999998e-09 5.228246000000000394e-09 6.858062000000000011e-09 8.786463000000000412e-09 1.084871000000000027e-08 1.264961000000000053e-08 1.317666000000000028e-08 1.135469000000000021e-08 8.633448999999999476e-09 6.032362999999999758e-09 3.840315000000000299e-09 2.103521000000000102e-09 7.802129999999999609e-10 -1.973704000000000105e-10 -8.994331000000000215e-10 3.947523000000000162e-10 3.965702999999999990e-10 4.007976000000000119e-10 4.085124999999999891e-10 4.205307000000000107e-10 4.373333999999999758e-10 4.589985000000000048e-10 4.849498000000000038e-10 5.132471999999999976e-10 5.388549999999999967e-10 5.483357999999999957e-10 5.273434000000000093e-10 4.949545999999999485e-10 4.644833999999999803e-10 4.394161000000000166e-10 4.200549000000000236e-10 4.056147000000000076e-10 3.950363000000000227e-10 3.872887999999999934e-10 5.072146000000000307e-11 5.162363999999999954e-11 5.305488999999999912e-11 5.520168000000000112e-11 5.825159999999999869e-11 6.232800000000000180e-11 6.745252999999999713e-11 7.348426999999999744e-11 7.996450000000000081e-11 8.573073999999999826e-11 8.769230000000000591e-11 8.253659000000000263e-11 7.470341999999999472e-11 6.728842000000000016e-11 6.112784999999999949e-11 5.632978000000000315e-11 5.274817000000000222e-11 5.016630000000000284e-11 4.836410000000000311e-11 1.745995000000000054e-11 1.870294000000000149e-11 2.047270999999999870e-11 2.295180000000000081e-11 2.638331000000000141e-11 3.093518000000000148e-11 3.664256000000000012e-11 4.333732999999999907e-11 5.046897000000000119e-11 5.665583999999999742e-11 5.823466999999999666e-11 5.126498999999999763e-11 4.105643999999999828e-11 3.130611000000000301e-11 2.303367999999999844e-11 1.639577000000000053e-11 1.124322999999999994e-11 7.337285999999999438e-12 4.429612000000000089e-12 2.200086999999999973e-11 2.392205000000000064e-11 2.663950000000000013e-11 3.035726999999999995e-11 3.542628999999999808e-11 4.211128999999999877e-11 5.047328000000000119e-11 6.025787999999999809e-11 7.063315999999999465e-11 7.954580999999999748e-11 8.161641999999999970e-11 7.103632999999999565e-11 5.564166000000000305e-11 4.087517000000000222e-11 2.826545999999999940e-11 1.806903000000000101e-11 1.008228999999999944e-11 3.960936999999999766e-12 -6.582211999999999822e-13
1.486040999999999906e-07 1.493043999999999933e-07 1.512930000000000035e-07 1.554930999999999936e-07 1.626130000000000017e-07 1.730403999999999882e-07 1.868754999999999981e-07 2.039103000000000071e-07 2.234354000000000103e-07 2.437351999999999894e-07 2.610040000000000255e-07 2.691594000000000034e-07 2.384505999999999740e-07 2.027069999999999900e-07 1.681341000000000073e-07 1.376396000000000118e-07 1.118682000000000038e-07 9.055945999999999821e-08 7.314571000000000548e-08 3.287125999999999966e-10 3.136987999999999921e-10 4.674239000000000282e-10 8.739934999999999763e-10 1.578756000000000002e-09 2.603468000000000092e-09 3.954592999999999808e-09 5.618745999999999821e-09 7.541186999999999552e-09 9.573436000000000771e-09 1.135469000000000021e-08 1.195176999999999956e-08 1.036276999999999936e-08 7.915031000000000024e-09 5.553834999999999981e-09 3.553279999999999955e-09 1.962209999999999989e-09 7.461424000000000103e-10 -1.551901999999999952e-10 3.871849000000000120e-10 3.873276999999999859e-10 3.893802000000000157e-10 3.943515999999999806e-10 4.028581000000000070e-10 4.152825999999999882e-10 4.318638000000000178e-10 4.526238999999999863e-10 4.770737000000000294e-10 5.035028000000000327e-10 5.273434000000000093e-10 5.362320999999999644e-10 5.168182000000000259e-10 4.865746000000000250e-10 4.578449000000000037e-10 4.339413999999999838e-10 4.152180000000000234e-10 4.010005000000000154e-10 3.903427999999999810e-10 4.690739000000000173e-11 4.740405999999999703e-11 4.832563000000000034e-11 4.986239999999999885e-11 5.218724999999999859e-11 5.541116000000000317e-11 5.958721000000000293e-11 6.470248999999999646e-11 7.061880000000000278e-11 7.691816999999999475e-11 8.253659000000000263e-11 8.462365999999999406e-11 8.009145000000000160e-11 7.300322999999999689e-11 6.622727999999999404e-11 6.055719000000000200e-11 5.611142999999999894e-11 5.276799999999999811e-11 5.033500999999999920e-11 1.098131000000000059e-11 1.161280999999999926e-11 1.272629999999999920e-11 1.450264000000000049e-11 1.714514999999999869e-11 2.080259000000000093e-11 2.554295999999999924e-11 3.134486999999999869e-11 3.803236000000000214e-11 4.509568999999999805e-11 5.126498999999999763e-11 5.315857000000000217e-11 4.710116000000000162e-11 3.795065000000000248e-11 2.913137000000000293e-11 2.161029999999999891e-11 1.555459999999999998e-11 1.084233000000000071e-11 7.263459000000000060e-12 1.221506000000000066e-11 1.307154999999999957e-11 1.466381999999999921e-11 1.725416999999999856e-11 2.111828999999999886e-11 2.647970999999999926e-11 3.344415000000000103e-11 4.197191000000000225e-11 5.178402000000000173e-11 6.210252000000000466e-11 7.103632999999999565e-11 7.361718000000000075e-11 6.442637000000000228e-11 5.063333999999999961e-11 3.727965999999999708e-11 2.581529999999999886e-11 1.651131999999999916e-11 9.203993999999999727e-12 3.592254999999999823e-12
1.218083999999999964e-07 1.207847999999999951e-07 1.212129999999999883e-07 1.239654999999999992e-07 1.294789999999999910e-07 1.379572000000000066e-07 1.494863999999999879e-07 1.640468000000000022e-07 1.814226999999999931e-07 2.009778000000000038e-07 2.211552000000000082e-07 2.384505999999999740e-07 2.472370000000000056e-07 2.197519000000000025e-07 1.873242000000000013e-07 1.557411000000000101e-07 1.277664999999999947e-07 1.040551000000000064e-07 8.440655000000000483e-08 -1.131169999999999931e-09 -1.158141000000000002e-09 -1.045927999999999906e-09 -7.231808000000000262e-10 -1.567197999999999906e-10 6.699597000000000393e-10 1.768478999999999968e-09 3.145605999999999818e-09 4.793470999999999897e-09 6.666821000000000257e-09 8.633448999999999476e-09 1.036276999999999936e-08 1.098982999999999988e-08 9.576987999999999809e-09 7.347363999999999775e-09 5.180902000000000397e-09 3.336991999999999885e-09 1.864879999999999872e-09 7.357227999999999815e-10 3.806655000000000024e-10 3.810536999999999825e-10 3.826117000000000096e-10 3.861181000000000214e-10 3.921403999999999748e-10 4.010683000000000180e-10 4.132256000000000232e-10 4.288861000000000023e-10 4.481568999999999747e-10 4.706786000000000418e-10 4.949545999999999485e-10 5.168182000000000259e-10 5.248212000000000240e-10 5.064708999999999865e-10 4.778681000000000406e-10 4.505018999999999806e-10 4.275128000000000191e-10 4.092842999999999822e-10 3.952281999999999836e-10 4.388704999999999968e-11 4.419005000000000112e-11 4.488902000000000253e-11 4.610376000000000024e-11 4.793840999999999788e-11 5.048863000000000234e-11 5.382488000000000077e-11 5.798952999999999837e-11 6.297752999999999449e-11 6.867342000000000365e-11 7.470341999999999472e-11 8.009145000000000160e-11 8.219417000000000579e-11 7.812001999999999614e-11 7.161272000000000507e-11 6.534275999999999450e-11 6.006261999999999757e-11 5.589543000000000066e-11 5.273772999999999848e-11 5.631635000000000368e-12 5.866596999999999948e-12 6.609514000000000063e-12 8.007717000000000421e-12 1.014346999999999979e-11 1.311099000000000006e-11 1.699267000000000094e-11 2.183169000000000025e-11 2.760842000000000122e-11 3.416978999999999833e-11 4.105643999999999828e-11 4.710116000000000162e-11 4.916601999999999975e-11 4.380799999999999751e-11 3.550270000000000138e-11 2.743823999999999962e-11 2.053120000000000040e-11 1.495286000000000057e-11 1.060170999999999926e-11 4.051555000000000097e-12 4.233302999999999860e-12 5.142703000000000003e-12 7.072363999999999853e-12 1.015590999999999969e-11 1.450229000000000040e-11 2.021970999999999968e-11 2.736308999999999988e-11 3.588858999999999864e-11 4.554925000000000041e-11 5.564166000000000305e-11 6.442637000000000228e-11 6.729286000000000413e-11 5.916510999999999567e-11 4.664919999999999877e-11 3.443952999999999956e-11 2.391073999999999874e-11 1.533954000000000150e-11 8.591449999999999707e-12
